Data/unprocessed_data/Trygve/TB20181211/TB20181211_CTD/TB_20181211_09_down.cnv
* Sea-Bird SBE 9 Data File:
* FileName = C:\CTD Brukere\OC4920\TB 20181211_09.hex
* Software Version Seasave V 7.23.2
* Temperature SN = 5352
* Conductivity SN = 3840
* Number of Bytes Per Scan = 28
* Number of Voltage Words = 4
* Number of Scans Averaged by the Deck Unit = 1
* NMEA baud rate = 4800
** Ship: R/V Trygve Braarud
** Cruise:
** Station:
** Operator:
# nquan = 11
# nvalues = 75                          
# units = specified
# name 0 = depSM: Depth [salt water, m], lat = 59.00
# name 1 = t090C: Temperature [ITS-90, deg C]
# name 2 = sal00: Salinity, Practical [PSU]
# name 3 = sigma-t00: Density [sigma-t, kg/m^3 ]
# name 4 = flSP: Fluorescence, Seapoint
# name 5 = wetStar: Fluorescence, WET Labs WETstar [mg/m^3]
# name 6 = seaTurbMtr: Turbidity, Seapoint [FTU]
# name 7 = svCM: Sound Velocity [Chen-Millero, m/s]
# name 8 = sbeox0PS: Oxygen, SBE 43 [% saturation]
# name 9 = sbeox0ML/L: Oxygen, SBE 43 [ml/l]
# name 10 = flag: flag
# span 0 =      1.000,     75.000       
# span 1 =     6.4215,    10.2161       
# span 2 =    23.4113,    34.4671       
# span 3 =    18.3667,    26.9446       
# span 4 = 1.6198e-01, 5.5005e-01       
# span 5 =     0.0093,     0.7270       
# span 6 =      0.621,      0.948       
# span 7 =    1461.88,    1489.17       
# span 8 =     40.952,     90.706       
# span 9 =     2.7621,     6.0993       
# span 10 = 0.0000e+00, 0.0000e+00      
# interval = meters: 1                  
# start_time = Dec 11 2018 12:22:44 [System UTC, first data scan.]
# bad_flag = -9.990e-29
*END*
      1.000     6.4215    23.4113    18.3667 5.5005e-01     0.7270      0.948    1461.88     77.922     5.7558 0.0000e+00
      2.000     7.0383    25.7888    20.1681 4.5856e-01     0.4506      0.736    1467.34     79.979     5.7310 0.0000e+00
      3.000     7.4393    26.7753    20.8941 3.8448e-01     0.2660      0.621    1470.17     86.473     6.0993 0.0000e+00
      4.000     8.3336    28.6057    22.2104 3.5388e-01     0.2009      0.627    1475.90     88.572     6.0484 0.0000e+00
      5.000     8.7058    29.8032    23.0950 3.0997e-01     0.1541      0.671    1478.80     90.706     6.0948 0.0000e+00
      6.000     9.1435    31.1049    24.0475 2.6231e-01     0.1283      0.672    1482.05     89.529     5.9072 0.0000e+00
      7.000     9.8285    32.1622    24.7647 2.1018e-01     0.1067      0.712    1485.87     87.108     5.6231 0.0000e+00
      8.000    10.0681    32.7937    25.2181 2.0129e-01     0.0805      0.737    1487.52     84.728     5.4185 0.0000e+00
      9.000    10.0332    32.9421    25.3398 1.9743e-01     0.0694      0.722    1487.59     82.102     5.2497 0.0000e+00
     10.000    10.2161    33.1565    25.4762 1.9615e-01     0.0686      0.756    1488.53     78.733     5.0074 0.0000e+00
     11.000    10.2137    33.4416    25.6990 1.7985e-01     0.0541      0.716    1488.88     76.364     4.8481 0.0000e+00
     12.000    10.2079    33.5462    25.7816 1.7831e-01     0.0492      0.727    1489.01     77.096     4.8919 0.0000e+00
     13.000    10.1994    33.6019    25.8265 1.7494e-01     0.0450      0.721    1489.06     76.827     4.8740 0.0000e+00
     14.000    10.1777    33.6461    25.8647 1.7210e-01     0.0430      0.761    1489.05     77.009     4.8864 0.0000e+00
     15.000    10.1391    33.7281    25.9352 1.7441e-01     0.0388      0.843    1489.03     77.006     4.8878 0.0000e+00
     16.000    10.1176    33.7796    25.9791 1.7305e-01     0.0364      0.792    1489.03     77.093     4.8940 0.0000e+00
     17.000    10.0954    33.8131    26.0090 1.7781e-01     0.0329      0.765    1489.01     77.478     4.9197 0.0000e+00
     18.000    10.0738    33.8588    26.0484 1.7860e-01     0.0328      0.809    1489.01     77.596     4.9281 0.0000e+00
     19.000    10.0359    33.9122    26.0965 1.7231e-01     0.0285      0.908    1488.95     77.667     4.9350 0.0000e+00
     20.000    10.0207    33.9822    26.1537 1.7055e-01     0.0274      0.837    1489.00     77.993     4.9551 0.0000e+00
     21.000    10.0285    34.0140    26.1772 1.7038e-01     0.0273      0.793    1489.08     78.526     4.9871 0.0000e+00
     22.000    10.0412    34.0384    26.1941 1.6812e-01     0.0304      0.793    1489.17     77.948     4.9482 0.0000e+00
     23.000    10.0276    34.0605    26.2136 1.6857e-01     0.0306      0.763    1489.17     77.259     4.9052 0.0000e+00
     24.000    10.0011    34.0859    26.2380 1.6540e-01     0.0288      0.752    1489.12     76.685     4.8708 0.0000e+00
     25.000     9.9819    34.0978    26.2505 1.6592e-01     0.0242      0.747    1489.08     76.766     4.8777 0.0000e+00
     26.000     9.9556    34.1337    26.2830 1.6532e-01     0.0234      0.755    1489.05     77.454     4.9230 0.0000e+00
     27.000     9.9405    34.1460    26.2951 1.6568e-01     0.0215      0.741    1489.02     77.545     4.9301 0.0000e+00
     28.000     9.9209    34.1780    26.3234 1.6643e-01     0.0207      0.755    1489.01     77.578     4.9332 0.0000e+00
     29.000     9.9153    34.1912    26.3347 1.6222e-01     0.0201      0.740    1489.02     78.109     4.9672 0.0000e+00
     30.000     9.8882    34.2039    26.3492 1.6415e-01     0.0160      0.756    1488.96     77.894     4.9560 0.0000e+00
     31.000     9.8839    34.2146    26.3583 1.6595e-01     0.0220      0.766    1488.97     77.909     4.9571 0.0000e+00
     32.000     9.8836    34.2277    26.3685 1.6559e-01     0.0200      0.767    1489.00     78.980     5.0249 0.0000e+00
     33.000     9.8700    34.2383    26.3791 1.6504e-01     0.0152      0.751    1488.98     78.162     4.9739 0.0000e+00
     34.000     9.8610    34.2457    26.3864 1.7001e-01     0.0160      0.757    1488.98     77.740     4.9478 0.0000e+00
     35.000     9.8434    34.2609    26.4012 1.6374e-01     0.0132      0.768    1488.95     78.573     5.0023 0.0000e+00
     36.000     9.8303    34.2681    26.4091 1.6650e-01     0.0093      0.775    1488.93     78.912     5.0251 0.0000e+00
     37.000     9.8056    34.2843    26.4259 1.6434e-01     0.0162      0.760    1488.87     78.855     5.0236 0.0000e+00
     38.000     9.8016    34.2873    26.4289 1.6474e-01     0.0127      0.766    1488.88     79.419     5.0599 0.0000e+00
     39.000     9.7942    34.2957    26.4367 1.6493e-01     0.0240      0.754    1488.88     79.561     5.0695 0.0000e+00
     40.000     9.8021    34.3118    26.4479 1.6326e-01     0.0257      0.760    1488.94     79.258     5.0488 0.0000e+00
     41.000     9.7871    34.3178    26.4551 1.6816e-01     0.0209      0.744    1488.91     77.813     4.9582 0.0000e+00
     42.000     9.7637    34.3243    26.4642 1.6542e-01     0.0178      0.755    1488.85     76.664     4.8873 0.0000e+00
     43.000     9.7433    34.3320    26.4736 1.6279e-01     0.0138      0.749    1488.81     76.951     4.9074 0.0000e+00
     44.000     9.7189    34.3417    26.4852 1.6532e-01     0.0223      0.824    1488.75     77.504     4.9451 0.0000e+00
     45.000     9.7010    34.3469    26.4923 1.6473e-01     0.0225      0.766    1488.70     77.850     4.9689 0.0000e+00
     46.000     9.6847    34.3536    26.5003 1.6423e-01     0.0258      0.784    1488.67     77.811     4.9680 0.0000e+00
     47.000     9.6685    34.3619    26.5094 1.6198e-01     0.0274      0.772    1488.64     77.290     4.9362 0.0000e+00
     48.000     9.6469    34.3718    26.5208 1.6450e-01     0.0271      0.803    1488.59     76.773     4.9052 0.0000e+00
     49.000     9.6281    34.3801    26.5303 1.6390e-01     0.0279      0.775    1488.55     75.727     4.8400 0.0000e+00
     50.000     9.6159    34.3857    26.5368 1.6210e-01     0.0279      0.762    1488.53     75.547     4.8297 0.0000e+00
     51.000     9.6047    34.3912    26.5429 1.6733e-01     0.0253      0.742    1488.51     75.369     4.8193 0.0000e+00
     52.000     9.5898    34.4012    26.5532 1.6492e-01     0.0201      0.774    1488.48     75.299     4.8161 0.0000e+00
     53.000     9.5848    34.4061    26.5579 1.6672e-01     0.0194      0.807    1488.49     74.943     4.7937 0.0000e+00
     54.000     9.5640    34.4183    26.5709 1.6737e-01     0.0201      0.777    1488.44     75.472     4.8294 0.0000e+00
     55.000     9.5550    34.4220    26.5753 1.6598e-01     0.0193      0.827    1488.43     75.325     4.8208 0.0000e+00
     56.000     9.5463    34.4250    26.5790 1.6996e-01     0.0215      0.784    1488.42     76.312     4.8848 0.0000e+00
     57.000     9.5361    34.4282    26.5833 1.6486e-01     0.0289      0.767    1488.41     76.112     4.8730 0.0000e+00
     58.000     9.5113    34.4328    26.5909 1.6595e-01     0.0258      0.754    1488.34     76.122     4.8761 0.0000e+00
     59.000     9.4945    34.4373    26.5972 1.6792e-01     0.0219      0.808    1488.30     75.743     4.8535 0.0000e+00
     60.000     9.4841    34.4389    26.6002 1.6890e-01     0.0213      0.835    1488.28     75.207     4.8202 0.0000e+00
     61.000     9.4606    34.4444    26.6083 1.6870e-01     0.0236      0.896    1488.22     75.234     4.8243 0.0000e+00
     62.000     9.4402    34.4509    26.6168 1.7112e-01     0.0250      0.824    1488.17     75.096     4.8173 0.0000e+00
     63.000     9.3967    34.4537    26.6262 1.7032e-01     0.0379      0.819    1488.03     74.945     4.8121 0.0000e+00
     64.000     9.3616    34.4562    26.6338 1.7274e-01     0.0494      0.815    1487.92     74.874     4.8112 0.0000e+00
     65.000     9.3150    34.4644    26.6479 1.7390e-01     0.0604      0.812    1487.78     73.938     4.7557 0.0000e+00
     66.000     9.1419    34.4651    26.6765 1.7668e-01     0.0676      0.814    1487.16     73.635     4.7542 0.0000e+00
     67.000     9.1202    34.4642    26.6793 1.7513e-01     0.0820      0.783    1487.09     72.041     4.6535 0.0000e+00
     68.000     8.7976    34.4517    26.7208 1.7892e-01     0.0974      0.816    1485.90     69.810     4.5422 0.0000e+00
     69.000     8.7985    34.4671    26.7327 1.8315e-01     0.1219      0.833    1485.94     67.602     4.3977 0.0000e+00
     70.000     8.2789    34.4613    26.8087 1.8399e-01     0.1374      0.796    1484.02     63.891     4.2051 0.0000e+00
     71.000     8.1894    34.4358    26.8021 1.8508e-01     0.1444      0.826    1483.67     61.035     4.0253 0.0000e+00
     72.000     7.8388    34.4364    26.8550 1.8876e-01     0.1570      0.798    1482.36     55.472     3.6878 0.0000e+00
     73.000     7.5994    34.4335    26.8877 1.8557e-01     0.1677      0.802    1481.46     52.070     3.4804 0.0000e+00
     74.000     7.4061    34.4305    26.9131 1.8956e-01     0.1726      0.822    1480.74     47.047     3.1586 0.0000e+00
     75.000     7.1921    34.4322    26.9446 1.9683e-01     0.1774      0.859    1479.93     40.952     2.7621 0.0000e+00
