Data/unprocessed_data/Trygve/TB20181211/TB20181211_CTD/TB_20181211_05_down.cnv
* Sea-Bird SBE 9 Data File:
* FileName = C:\CTD Brukere\OC4920\TB 20181211_05.hex
* Software Version Seasave V 7.23.2
* Temperature SN = 5352
* Conductivity SN = 3840
* Number of Bytes Per Scan = 28
* Number of Voltage Words = 4
* Number of Scans Averaged by the Deck Unit = 1
* NMEA baud rate = 4800
** Ship: R/V Trygve Braarud
** Cruise:
** Station:
** Operator:
# nquan = 11
# nvalues = 73                          
# units = specified
# name 0 = depSM: Depth [salt water, m], lat = 59.00
# name 1 = t090C: Temperature [ITS-90, deg C]
# name 2 = sal00: Salinity, Practical [PSU]
# name 3 = sigma-t00: Density [sigma-t, kg/m^3 ]
# name 4 = flSP: Fluorescence, Seapoint
# name 5 = wetStar: Fluorescence, WET Labs WETstar [mg/m^3]
# name 6 = seaTurbMtr: Turbidity, Seapoint [FTU]
# name 7 = svCM: Sound Velocity [Chen-Millero, m/s]
# name 8 = sbeox0PS: Oxygen, SBE 43 [% saturation]
# name 9 = sbeox0ML/L: Oxygen, SBE 43 [ml/l]
# name 10 = flag: flag
# span 0 =      1.000,     73.000       
# span 1 =     5.3441,    10.1998       
# span 2 =    15.8216,    34.4532       
# span 3 =    12.4806,    26.9472       
# span 4 = 1.6229e-01, 6.1509e-01       
# span 5 =     0.0031,     1.5265       
# span 6 =      0.614,      1.222       
# span 7 =    1447.85,    1489.14       
# span 8 =     38.741,     95.521       
# span 9 =     2.6211,     6.9114       
# span 10 = 0.0000e+00, 0.0000e+00      
# interval = meters: 1                  
# start_time = Dec 11 2018 10:52:18 [System UTC, first data scan.]
# bad_flag = -9.990e-29
*END*
      1.000     5.3441    15.8216    12.4806 6.1509e-01     1.5265      1.222    1447.85     86.650     6.9114 0.0000e+00
      2.000     6.3688    21.1374    16.5840 5.0530e-01     0.4241      0.692    1458.84     87.906     6.5997 0.0000e+00
      3.000     6.8993    24.2924    19.0089 4.6020e-01     0.3408      0.704    1464.94     86.704     6.2958 0.0000e+00
      4.000     7.1710    26.5355    20.7388 4.1844e-01     0.2973      0.614    1468.83     84.858     6.0328 0.0000e+00
      5.000     7.6190    27.5420    21.4727 3.4637e-01     0.2334      0.669    1471.85     89.598     6.2618 0.0000e+00
      6.000     8.0688    28.4782    22.1473 3.0740e-01     0.1749      0.693    1474.76     95.521     6.5671 0.0000e+00
      7.000     8.3244    28.9657    22.4934 2.6806e-01     0.1204      0.666    1476.36     92.403     6.2987 0.0000e+00
      8.000     9.1736    31.0681    24.0137 2.4696e-01     0.0881      0.721    1482.15     87.281     5.7571 0.0000e+00
      9.000     9.5002    32.0233    24.7094 2.2650e-01     0.0726      0.715    1484.54     86.025     5.5981 0.0000e+00
     10.000     9.9576    32.8550    25.2844 2.0041e-01     0.0634      0.724    1487.23     83.884     5.3756 0.0000e+00
     11.000    10.1178    33.1263    25.4693 1.9661e-01     0.0551      0.722    1488.16     81.098     5.1698 0.0000e+00
     12.000    10.1937    33.2857    25.5808 1.8567e-01     0.0554      0.720    1488.64     79.158     5.0327 0.0000e+00
     13.000    10.1998    33.4440    25.7033 1.7857e-01     0.0465      0.731    1488.87     77.506     4.9220 0.0000e+00
     14.000    10.1357    33.6300    25.8593 1.7513e-01     0.0336      0.734    1488.88     76.758     4.8755 0.0000e+00
     15.000    10.1024    33.7371    25.9486 1.7302e-01     0.0288      0.754    1488.91     75.648     4.8051 0.0000e+00
     16.000    10.0880    33.8328    26.0257 1.7676e-01     0.0282      0.760    1488.99     77.735     4.9362 0.0000e+00
     17.000    10.0809    33.8942    26.0748 1.6988e-01     0.0264      0.764    1489.06     77.926     4.9471 0.0000e+00
     18.000    10.0348    33.9301    26.1106 1.7515e-01     0.0214      0.781    1488.95     78.008     4.9562 0.0000e+00
     19.000    10.0119    33.9631    26.1403 1.6948e-01     0.0211      0.838    1488.93     77.444     4.9218 0.0000e+00
     20.000     9.9872    33.9865    26.1627 1.7027e-01     0.0208      0.800    1488.88     77.631     4.9356 0.0000e+00
     21.000     9.9851    34.0298    26.1969 1.7035e-01     0.0187      0.778    1488.94     77.358     4.9170 0.0000e+00
     22.000     9.9732    34.0656    26.2268 1.6658e-01     0.0192      0.768    1488.96     78.172     4.9690 0.0000e+00
     23.000     9.9824    34.0689    26.2278 1.6760e-01     0.0209      0.768    1489.02     77.453     4.9221 0.0000e+00
     24.000     9.9962    34.0856    26.2385 1.6568e-01     0.0200      0.754    1489.10     77.572     4.9277 0.0000e+00
     25.000     9.9921    34.0866    26.2401 1.6839e-01     0.0221      0.791    1489.11     77.581     4.9287 0.0000e+00
     26.000     9.9930    34.0961    26.2473 1.6659e-01     0.0225      0.833    1489.14     77.572     4.9277 0.0000e+00
     27.000     9.9842    34.1038    26.2548 1.6971e-01     0.0207      0.777    1489.13     77.268     4.9091 0.0000e+00
     28.000     9.9510    34.1422    26.2904 1.6517e-01     0.0183      0.787    1489.08     77.208     4.9076 0.0000e+00
     29.000     9.9386    34.1530    26.3010 1.6613e-01     0.0158      0.779    1489.06     77.294     4.9141 0.0000e+00
     30.000     9.9196    34.1614    26.3107 1.6690e-01     0.0143      0.756    1489.02     78.085     4.9662 0.0000e+00
     31.000     9.8892    34.1713    26.3236 1.6947e-01     0.0100      0.775    1488.94     77.864     4.9551 0.0000e+00
     32.000     9.8846    34.1764    26.3283 1.6819e-01     0.0082      0.767    1488.94     78.706     5.0090 0.0000e+00
     33.000     9.8777    34.1890    26.3393 1.6892e-01     0.0099      0.787    1488.95     79.182     5.0396 0.0000e+00
     34.000     9.8648    34.2099    26.3578 1.6953e-01     0.0097      0.772    1488.95     79.529     5.0625 0.0000e+00
     35.000     9.8063    34.2905    26.4306 1.6696e-01     0.0091      0.786    1488.85     79.464     5.0621 0.0000e+00
     36.000     9.8099    34.2850    26.4257 1.6995e-01     0.0068      0.801    1488.87     79.062     5.0363 0.0000e+00
     37.000     9.7681    34.3098    26.4521 1.6948e-01     0.0058      0.809    1488.77     78.756     5.0206 0.0000e+00
     38.000     9.7614    34.3121    26.4550 1.7068e-01     0.0040      0.811    1488.76     79.274     5.0542 0.0000e+00
     39.000     9.7458    34.3194    26.4633 1.6939e-01     0.0031      0.804    1488.73     80.104     5.1087 0.0000e+00
     40.000     9.7273    34.3268    26.4722 1.6652e-01     0.0042      0.789    1488.69     80.338     5.1254 0.0000e+00
     41.000     9.7242    34.3303    26.4755 1.6904e-01     0.0068      0.813    1488.70     80.070     5.1086 0.0000e+00
     42.000     9.7190    34.3426    26.4859 1.6639e-01     0.0144      0.772    1488.71     79.914     5.0988 0.0000e+00
     43.000     9.7130    34.3435    26.4876 1.6351e-01     0.0173      0.742    1488.71     79.248     5.0569 0.0000e+00
     44.000     9.6876    34.3556    26.5013 1.6229e-01     0.0232      0.758    1488.65     77.734     4.9627 0.0000e+00
     45.000     9.6888    34.3557    26.5012 1.6314e-01     0.0231      0.785    1488.67     77.120     4.9233 0.0000e+00
     46.000     9.6744    34.3667    26.5122 1.6368e-01     0.0222      0.843    1488.65     75.501     4.8212 0.0000e+00
     47.000     9.6715    34.3668    26.5128 1.6756e-01     0.0215      0.880    1488.65     75.652     4.8311 0.0000e+00
     48.000     9.6345    34.3785    26.5281 1.6483e-01     0.0238      0.830    1488.55     75.088     4.7986 0.0000e+00
     49.000     9.6203    34.3852    26.5357 1.7061e-01     0.0203      0.806    1488.52     74.966     4.7921 0.0000e+00
     50.000     9.6006    34.3919    26.5441 1.6897e-01     0.0236      0.853    1488.48     74.812     4.7841 0.0000e+00
     51.000     9.5642    34.4057    26.5610 1.6578e-01     0.0258      0.811    1488.38     75.021     4.8009 0.0000e+00
     52.000     9.5526    34.4120    26.5679 1.6592e-01     0.0257      0.756    1488.36     74.823     4.7892 0.0000e+00
     53.000     9.5153    34.4309    26.5888 1.6767e-01     0.0239      0.778    1488.27     74.036     4.7422 0.0000e+00
     54.000     9.5135    34.4328    26.5906 1.6798e-01     0.0209      0.762    1488.28     73.815     4.7281 0.0000e+00
     55.000     9.4895    34.4532    26.6105 1.6530e-01     0.0152      0.751    1488.23     74.050     4.7450 0.0000e+00
     56.000     9.4804    34.4518    26.6109 1.6979e-01     0.0234      0.804    1488.21     74.431     4.7705 0.0000e+00
     57.000     9.3858    34.4491    26.6243 1.7049e-01     0.0279      0.901    1487.88     75.568     4.8534 0.0000e+00
     58.000     9.3440    34.4506    26.6323 1.6974e-01     0.0325      0.840    1487.75     74.962     4.8189 0.0000e+00
     59.000     9.2780    34.4474    26.6405 1.7144e-01     0.0365      0.786    1487.52     73.214     4.7135 0.0000e+00
     60.000     9.2197    34.4493    26.6515 1.7120e-01     0.0369      0.830    1487.33     72.466     4.6712 0.0000e+00
     61.000     9.1935    34.4453    26.6527 1.7396e-01     0.0412      0.817    1487.24     70.809     4.5672 0.0000e+00
     62.000     9.0590    34.4458    26.6747 1.7412e-01     0.0515      0.860    1486.76     70.310     4.5484 0.0000e+00
     63.000     9.0366    34.4449    26.6776 1.7558e-01     0.0566      0.866    1486.70     69.299     4.4853 0.0000e+00
     64.000     8.8628    34.4436    26.7043 1.7939e-01     0.0641      0.841    1486.07     67.112     4.3605 0.0000e+00
     65.000     8.8173    34.4355    26.7051 1.8381e-01     0.0819      0.932    1485.91     66.329     4.3142 0.0000e+00
     66.000     8.5069    34.4265    26.7462 1.8355e-01     0.0971      0.897    1484.76     63.315     4.1469 0.0000e+00
     67.000     8.2005    34.4358    26.8006 1.8681e-01     0.1144      0.881    1483.64     62.254     4.1052 0.0000e+00
     68.000     8.0510    34.4284    26.8173 1.8921e-01     0.1253      0.920    1483.09     56.351     3.7284 0.0000e+00
     69.000     7.9735    34.4325    26.8320 1.8539e-01     0.1234      0.917    1482.82     52.521     3.4812 0.0000e+00
     70.000     7.9731    34.4278    26.8284 1.8940e-01     0.1294      0.889    1482.82     50.101     3.3209 0.0000e+00
     71.000     7.6697    34.4253    26.8711 1.9362e-01     0.1470      0.922    1481.69     49.592     3.3098 0.0000e+00
     72.000     7.5938    34.4261    26.8827 1.9514e-01     0.1505      0.963    1481.41     46.981     3.1407 0.0000e+00
     73.000     7.1278    34.4229    26.9472 2.8007e-01     0.1488      0.873    1479.64     38.741     2.6211 0.0000e+00
