Data/unprocessed_data/Trygve/TB20181211/TB20181211_CTD/TB_20181211_09_mooring_down.cnv
* Sea-Bird SBE 9 Data File:
* FileName = C:\CTD Brukere\OC4920\TB 20181211_09_mooring.hex
* Software Version Seasave V 7.23.2
* Temperature SN = 5352
* Conductivity SN = 3840
* Number of Bytes Per Scan = 28
* Number of Voltage Words = 4
* Number of Scans Averaged by the Deck Unit = 1
* NMEA baud rate = 4800
** Ship: R/V Trygve Braarud
** Cruise:
** Station:
** Operator:
# nquan = 11
# nvalues = 1786                        
# units = specified
# name 0 = depSM: Depth [salt water, m], lat = 59.00
# name 1 = t090C: Temperature [ITS-90, deg C]
# name 2 = sal00: Salinity, Practical [PSU]
# name 3 = sigma-t00: Density [sigma-t, kg/m^3 ]
# name 4 = flSP: Fluorescence, Seapoint
# name 5 = wetStar: Fluorescence, WET Labs WETstar [mg/m^3]
# name 6 = seaTurbMtr: Turbidity, Seapoint [FTU]
# name 7 = svCM: Sound Velocity [Chen-Millero, m/s]
# name 8 = sbeox0PS: Oxygen, SBE 43 [% saturation]
# name 9 = sbeox0ML/L: Oxygen, SBE 43 [ml/l]
# name 10 = flag: flag
# span 0 =      0.065,      4.593       
# span 1 =     4.1637,     8.9978       
# span 2 =    16.1423,    30.6123       
# span 3 =    12.8097,    23.6962       
# span 4 = 3.0002e-01, 2.2426e+00       
# span 5 =     0.1721,     2.9966       
# span 6 =      0.582,      2.369       
# span 7 =    1443.17,    1480.78       
# span 8 =     82.058,     97.370       
# span 9 =     5.4576,     7.7200       
# span 10 = 0.0000e+00, 0.0000e+00      
# interval = seconds: 1                 
# start_time = Dec 11 2018 12:30:32 [System UTC, first data scan.]
# bad_flag = -9.990e-29
*END*
[from data line 1705]
      4.542     8.9911    30.2611    23.4112 3.6325e-01     0.2090      0.627    1480.43     83.076     5.5300 0.0000e+00
      4.557     8.9912    30.2615    23.4115 4.7772e-01     0.2069      0.628    1480.43     83.113     5.5324 0.0000e+00
      4.541     8.9909    30.2607    23.4109 4.0293e-01     0.2068      0.626    1480.42     82.906     5.5187 0.0000e+00
      4.512     8.9931    30.2230    23.3811 3.5511e-01     0.2055      0.634    1480.39     82.786     5.5117 0.0000e+00
      4.506     8.9930    30.2290    23.3858 4.1311e-01     0.2063      0.651    1480.39     83.095     5.5321 0.0000e+00
      4.521     8.9929    30.2499    23.4022 3.8970e-01     0.2075      0.623    1480.42     82.971     5.5231 0.0000e+00
      4.542     8.9920    30.2567    23.4076 3.9530e-01     0.2073      0.620    1480.43     82.825     5.5133 0.0000e+00
      4.543     8.9916    30.2575    23.4084 3.7597e-01     0.2067      0.961    1480.42     83.252     5.5417 0.0000e+00
      4.522     8.9915    30.2605    23.4107 3.6884e-01     0.2064      0.618    1480.43     83.293     5.5443 0.0000e+00
      4.509     8.9937    30.2434    23.3970 3.2509e-01     0.2075      0.629    1480.41     82.894     5.5182 0.0000e+00
      4.523     8.9927    30.2609    23.4108 4.0751e-01     0.2020      0.631    1480.43     82.801     5.5115 0.0000e+00
      4.553     8.9914    30.2621    23.4119 4.4210e-01     0.2022      0.608    1480.43     83.120     5.5328 0.0000e+00
      4.558     8.9907    30.2624    23.4123 4.1209e-01     0.2047      0.742    1480.43     83.131     5.5336 0.0000e+00
      4.527     8.9918    30.2525    23.4043 4.3956e-01     0.2045      0.670    1480.42     82.859     5.5157 0.0000e+00
      4.501     8.9940    30.2261    23.3834 3.6223e-01     0.2040      0.716    1480.39     82.862     5.5166 0.0000e+00
      4.510     8.9930    30.2423    23.3962 5.1129e-01     0.2059      0.641    1480.41     83.098     5.5318 0.0000e+00
      4.537     8.9921    30.2536    23.4052 3.6325e-01     0.2032      0.648    1480.42     83.195     5.5380 0.0000e+00
      4.554     8.9918    30.2595    23.4098 3.7342e-01     0.2041      0.632    1480.43     83.078     5.5301 0.0000e+00
      4.542     8.9921    30.2620    23.4117 4.7924e-01     0.2040      0.635    1480.43     82.827     5.5132 0.0000e+00
      4.523     8.9934    30.2490    23.4014 3.7037e-01     0.2032      0.663    1480.42     82.903     5.5186 0.0000e+00
      4.526     8.9931    30.2593    23.4095 3.6325e-01     0.2052      0.659    1480.43     83.020     5.5260 0.0000e+00
      4.544     8.9913    30.2625    23.4123 4.3396e-01     0.2049      0.614    1480.43     83.167     5.5359 0.0000e+00
      4.554     8.9914    30.2627    23.4124 3.7749e-01     0.2061      0.616    1480.43     83.157     5.5353 0.0000e+00
      4.548     8.9923    30.2624    23.4120 3.9988e-01     0.2043      0.785    1480.43     83.034     5.5269 0.0000e+00
      4.536     8.9931    30.2607    23.4105 4.5889e-01     0.2047      0.655    1480.43     83.122     5.5328 0.0000e+00
      4.532     8.9934    30.2590    23.4092 4.3244e-01     0.2024      0.642    1480.43     83.398     5.5512 0.0000e+00
      4.539     8.9935    30.2618    23.4113 4.1311e-01     0.2049      0.621    1480.44     83.322     5.5460 0.0000e+00
      4.547     8.9922    30.2628    23.4124 4.7110e-01     0.2051      0.644    1480.43     83.049     5.5280 0.0000e+00
      4.549     8.9921    30.2631    23.4126 3.7088e-01     0.2055      0.718    1480.43     82.917     5.5192 0.0000e+00
      4.548     8.9919    30.2632    23.4127 3.8970e-01     0.2051      0.644    1480.43     82.923     5.5196 0.0000e+00
      4.551     8.9922    30.2634    23.4128 3.6477e-01     0.2056      0.622    1480.43     83.057     5.5284 0.0000e+00
      4.550     8.9927    30.2637    23.4130 3.8716e-01     0.2036      0.623    1480.43     82.866     5.5157 0.0000e+00
      4.545     8.9950    30.2612    23.4107 4.2226e-01     0.2036      0.625    1480.44     82.720     5.5058 0.0000e+00
      4.538     8.9963    30.2407    23.3945 3.8563e-01     0.2049      0.616    1480.42     82.812     5.5125 0.0000e+00
      4.539     8.9967    30.2166    23.3755 5.0977e-01     0.2058      0.610    1480.39     82.666     5.5035 0.0000e+00
      4.546     8.9958    30.2437    23.3969 3.8461e-01     0.2039      0.607    1480.42     82.804     5.5119 0.0000e+00
      4.552     8.9966    30.2201    23.3783 5.1129e-01     0.2043      0.619    1480.40     82.937     5.5215 0.0000e+00
      4.551     8.9969    30.1948    23.3585 5.3724e-01     0.2049      0.663    1480.37     83.089     5.5325 0.0000e+00
      4.542     8.9962    30.1547    23.3272 4.2837e-01     0.2040      0.679    1480.32     83.064     5.5323 0.0000e+00
      4.547     8.9948    30.1448    23.3197 3.5765e-01     0.2061      0.623    1480.30     82.872     5.5201 0.0000e+00
      4.561     8.9955    30.1449    23.3197 4.2888e-01     0.2041      0.627    1480.30     82.675     5.5069 0.0000e+00
      4.566     8.9938    30.1267    23.3057 3.9225e-01     0.2050      0.625    1480.27     82.801     5.5161 0.0000e+00
      4.551     8.9884    30.0342    23.2342 4.9756e-01     0.2043      0.640    1480.14     82.997     5.5331 0.0000e+00
      4.532     8.9829    29.9952    23.2046 3.3018e-01     0.2052      0.617    1480.07     83.136     5.5445 0.0000e+00
      4.532     8.9796    29.9826    23.1952 3.6274e-01     0.2055      0.638    1480.04     83.176     5.5480 0.0000e+00
      4.554     8.9834    30.0174    23.2219 3.5511e-01     0.2057      0.620    1480.10     83.165     5.5455 0.0000e+00
      4.577     8.9836    30.0168    23.2213 4.2582e-01     0.2040      0.629    1480.10     82.986     5.5336 0.0000e+00
      4.571     8.9800    29.9728    23.1875 4.0446e-01     0.2055      0.604    1480.03     82.978     5.5351 0.0000e+00
      4.541     8.9779    29.9420    23.1637 3.8919e-01     0.2063      0.626    1479.99     83.167     5.5491 0.0000e+00
      4.518     8.9775    29.9334    23.1570 4.2277e-01     0.2088      0.620    1479.97     83.052     5.5418 0.0000e+00
      4.530     8.9778    29.9344    23.1578 3.5613e-01     0.2078      0.614    1479.98     83.093     5.5445 0.0000e+00
      4.567     8.9781    29.9350    23.1582 3.6986e-01     0.2058      0.610    1479.98     83.532     5.5736 0.0000e+00
      4.593     8.9774    29.9337    23.1573 3.9682e-01     0.2053      0.629    1479.97     83.636     5.5807 0.0000e+00
      4.572     8.9778    29.9329    23.1566 3.7241e-01     0.2070      0.639    1479.97     83.528     5.5735 0.0000e+00
      4.529     8.9781    29.9320    23.1559 4.3091e-01     0.2057      0.655    1479.97     83.421     5.5664 0.0000e+00
      4.511     8.9782    29.9297    23.1541 3.5867e-01     0.2060      0.619    1479.97     83.200     5.5516 0.0000e+00
      4.530     8.9788    29.9346    23.1577 3.5460e-01     0.2088      0.618    1479.98     83.141     5.5475 0.0000e+00
      4.563     8.9787    29.9354    23.1584 5.6268e-01     0.2065      0.620    1479.98     83.339     5.5607 0.0000e+00
      4.578     8.9784    29.9338    23.1572 5.0417e-01     0.2071      0.616    1479.98     83.205     5.5518 0.0000e+00
      4.555     8.9785    29.9299    23.1542 4.1514e-01     0.2070      0.623    1479.97     83.351     5.5617 0.0000e+00
      4.520     8.9779    29.9131    23.1411 4.2277e-01     0.2060      0.625    1479.95     83.224     5.5539 0.0000e+00
      4.523     8.9773    29.9151    23.1428 3.5358e-01     0.2063      0.634    1479.95     83.010     5.5396 0.0000e+00
      4.563     8.9787    29.9296    23.1539 4.1361e-01     0.2048      0.746    1479.97     83.169     5.5495 0.0000e+00
      4.590     8.9790    29.9330    23.1565 4.2532e-01     0.2067      0.626    1479.98     83.396     5.5645 0.0000e+00
      4.575     8.9782    29.9251    23.1505 3.8309e-01     0.2084      0.636    1479.97     83.530     5.5739 0.0000e+00
      4.532     8.9709    29.8139    23.0646 4.7364e-01     0.2096      0.647    1479.80     83.438     5.5726 0.0000e+00
      4.510     8.9656    29.7752    23.0352 4.3956e-01     0.2107      0.626    1479.73     83.320     5.5668 0.0000e+00
      4.535     8.9749    29.8690    23.1071 3.7291e-01     0.2085      0.613    1479.88     83.395     5.5673 0.0000e+00
      4.577     8.9777    29.9072    23.1365 3.9530e-01     0.2061      0.618    1479.94     83.458     5.5698 0.0000e+00
      4.586     8.9726    29.8503    23.0928 4.3295e-01     0.2054      0.728    1479.85     83.391     5.5680 0.0000e+00
      4.556     8.9704    29.8098    23.0615 3.7190e-01     0.2103      0.624    1479.80     83.508     5.5775 0.0000e+00
      4.530     8.9702    29.7959    23.0507 4.3651e-01     0.2083      0.629    1479.78     83.509     5.5781 0.0000e+00
      4.531     8.9671    29.7894    23.0460 3.8055e-01     0.2071      0.618    1479.76     83.384     5.5704 0.0000e+00
      4.560     8.9735    29.8434    23.0872 4.1005e-01     0.2079      0.615    1479.85     83.375     5.5670 0.0000e+00
      4.582     8.9740    29.8537    23.0952 3.5256e-01     0.2080      0.615    1479.86     83.381     5.5670 0.0000e+00
      4.567     8.9732    29.8180    23.0675 3.6783e-01     0.2104      0.643    1479.82     83.196     5.5560 0.0000e+00
      4.528     8.9649    29.7530    23.0179 3.4290e-01     0.2099      0.644    1479.71     82.971     5.5444 0.0000e+00
      4.518     8.9673    29.7740    23.0339 3.7800e-01     0.2121      0.629    1479.74     82.973     5.5434 0.0000e+00
      4.545     8.9729    29.8255    23.0734 3.6070e-01     0.2103      0.644    1479.83     83.301     5.5628 0.0000e+00
      4.580     8.9706    29.8141    23.0648 3.8869e-01     0.2055      0.629    1479.80     83.522     5.5783 0.0000e+00
      4.591     8.9701    29.8410    23.0859 3.0002e-01     0.2062      0.673    1479.83     83.522     5.5773 0.0000e+00
