Data/unprocessed_data/Trygve/TB20181211/TB20181211_CTD/TB_20181211_03_down.cnv
* Sea-Bird SBE 9 Data File:
* FileName = C:\CTD Brukere\OC4920\TB 20181211_03.hex
* Software Version Seasave V 7.23.2
* Temperature SN = 5352
* Conductivity SN = 3840
* Number of Bytes Per Scan = 28
* Number of Voltage Words = 4
* Number of Scans Averaged by the Deck Unit = 1
* NMEA baud rate = 4800
** Ship: R/V Trygve Braarud
** Cruise:
** Station:
** Operator:
# nquan = 11
# nvalues = 63                          
# units = specified
# name 0 = depSM: Depth [salt water, m], lat = 59.00
# name 1 = t090C: Temperature [ITS-90, deg C]
# name 2 = sal00: Salinity, Practical [PSU]
# name 3 = sigma-t00: Density [sigma-t, kg/m^3 ]
# name 4 = flSP: Fluorescence, Seapoint
# name 5 = wetStar: Fluorescence, WET Labs WETstar [mg/m^3]
# name 6 = seaTurbMtr: Turbidity, Seapoint [FTU]
# name 7 = svCM: Sound Velocity [Chen-Millero, m/s]
# name 8 = sbeox0PS: Oxygen, SBE 43 [% saturation]
# name 9 = sbeox0ML/L: Oxygen, SBE 43 [ml/l]
# name 10 = flag: flag
# span 0 =      1.000,     63.000       
# span 1 =     4.8140,     9.9779       
# span 2 =    17.2049,    34.4639       
# span 3 =    13.6098,    26.6957       
# span 4 = 1.6541e-01, 6.0989e-01       
# span 5 =     0.0106,     1.6306       
# span 6 =      0.649,      1.642       
# span 7 =    1447.34,    1489.02       
# span 8 =     68.807,     95.047       
# span 9 =     4.4565,     6.6186       
# span 10 = 0.0000e+00, 0.0000e+00      
# interval = meters: 1                  
# start_time = Dec 11 2018 10:17:21 [System UTC, first data scan.]
# bad_flag = -9.990e-29
*END*
      1.000     4.8140    17.2049    13.6098 6.0989e-01     1.6306      1.642    1447.34     80.814     6.4690 0.0000e+00
      2.000     6.2301    23.3320    18.3243 4.6522e-01     0.4491      0.800    1461.02     83.047     6.1655 0.0000e+00
      3.000     7.0720    26.4768    20.7042 4.4075e-01     0.3281      0.674    1468.35     87.160     6.2121 0.0000e+00
      4.000     7.3075    27.2286    21.2664 4.4002e-01     0.3049      0.669    1470.23     92.307     6.5114 0.0000e+00
      5.000     7.6927    27.8683    21.7190 3.5528e-01     0.2598      0.649    1472.54     95.047     6.6186 0.0000e+00
      6.000     8.2157    28.6652    22.2735 3.2102e-01     0.2139      0.705    1475.56     90.397     6.1880 0.0000e+00
      7.000     8.6720    29.5373    22.8921 2.7404e-01     0.1823      0.656    1478.38     88.010     5.9283 0.0000e+00
      8.000     9.0442    30.3383    23.4635 2.5309e-01     0.1263      0.680    1480.78     87.190     5.7940 0.0000e+00
      9.000     9.2947    31.1843    24.0863 2.2943e-01     0.0766      0.723    1482.76     85.505     5.6197 0.0000e+00
     10.000     9.3310    31.3291    24.1938 2.0998e-01     0.0653      0.745    1483.08     83.563     5.4827 0.0000e+00
     11.000     9.6867    32.5202    25.0675 2.0330e-01     0.0607      0.755    1485.86     81.540     5.2676 0.0000e+00
     12.000     9.7739    32.8751    25.3305 2.0225e-01     0.0511      0.745    1486.63     80.543     5.1814 0.0000e+00
     13.000     9.8259    33.1580    25.5428 1.9371e-01     0.0427      0.757    1487.17     81.092     5.2014 0.0000e+00
     14.000     9.9223    33.5492    25.8322 1.8515e-01     0.0375      0.763    1488.02     79.968     5.1056 0.0000e+00
     15.000     9.9116    33.5977    25.8718 1.7872e-01     0.0320      0.761    1488.05     79.988     5.1065 0.0000e+00
     16.000     9.8994    33.7263    25.9743 1.8200e-01     0.0254      0.790    1488.18     80.378     5.1285 0.0000e+00
     17.000     9.8983    33.8103    26.0401 1.7693e-01     0.0253      0.779    1488.30     79.532     5.0719 0.0000e+00
     18.000     9.8901    33.7956    26.0300 1.8052e-01     0.0243      0.777    1488.27     79.513     5.0721 0.0000e+00
     19.000     9.9458    33.8490    26.0623 1.7077e-01     0.0263      0.755    1488.55     79.761     5.0800 0.0000e+00
     20.000     9.9498    33.9262    26.1219 1.7145e-01     0.0253      0.760    1488.68     79.923     5.0874 0.0000e+00
     21.000     9.9671    33.9643    26.1488 1.7049e-01     0.0257      0.759    1488.80     80.028     5.0909 0.0000e+00
     22.000     9.9779    34.0143    26.1860 1.6911e-01     0.0260      0.770    1488.92     78.988     5.0219 0.0000e+00
     23.000     9.9462    34.0411    26.2123 1.7063e-01     0.0209      0.772    1488.85     79.243     5.0407 0.0000e+00
     24.000     9.9456    34.0482    26.2179 1.6870e-01     0.0230      0.761    1488.88     78.986     5.0242 0.0000e+00
     25.000     9.9668    34.0950    26.2509 1.6727e-01     0.0266      0.777    1489.02     78.846     5.0115 0.0000e+00
     26.000     9.9495    34.1002    26.2579 1.7188e-01     0.0222      0.777    1488.99     78.968     5.0210 0.0000e+00
     27.000     9.9071    34.1363    26.2932 1.6615e-01     0.0177      0.796    1488.89     78.132     4.9713 0.0000e+00
     28.000     9.8940    34.1561    26.3109 1.6860e-01     0.0160      0.775    1488.89     77.839     4.9534 0.0000e+00
     29.000     9.8724    34.1755    26.3297 1.6711e-01     0.0106      0.783    1488.85     79.008     5.0296 0.0000e+00
     30.000     9.8663    34.1774    26.3322 1.6852e-01     0.0129      0.799    1488.85     79.623     5.0693 0.0000e+00
     31.000     9.8573    34.1881    26.3420 1.6778e-01     0.0114      0.799    1488.84     79.876     5.0860 0.0000e+00
     32.000     9.8430    34.2055    26.3581 1.7118e-01     0.0124      0.802    1488.83     80.285     5.1132 0.0000e+00
     33.000     9.8339    34.2298    26.3786 1.6541e-01     0.0141      0.813    1488.84     80.255     5.1115 0.0000e+00
     34.000     9.8312    34.2304    26.3795 1.6853e-01     0.0147      0.826    1488.85     80.424     5.1225 0.0000e+00
     35.000     9.8189    34.2425    26.3910 1.6829e-01     0.0117      0.807    1488.84     79.805     5.0840 0.0000e+00
     36.000     9.8118    34.2601    26.4059 1.6987e-01     0.0185      0.826    1488.85     79.858     5.0876 0.0000e+00
     37.000     9.8134    34.2638    26.4086 1.6865e-01     0.0206      0.847    1488.88     80.232     5.1112 0.0000e+00
     38.000     9.8075    34.2789    26.4214 1.6801e-01     0.0206      0.843    1488.89     79.936     5.0924 0.0000e+00
     39.000     9.8047    34.2880    26.4289 1.6835e-01     0.0198      0.857    1488.91     79.426     5.0600 0.0000e+00
     40.000     9.7951    34.3025    26.4418 1.7068e-01     0.0183      0.819    1488.91     79.053     5.0368 0.0000e+00
     41.000     9.7820    34.3234    26.4604 1.6891e-01     0.0157      0.878    1488.90     78.705     5.0154 0.0000e+00
     42.000     9.7634    34.3383    26.4751 1.6790e-01     0.0166      0.844    1488.87     78.331     4.9931 0.0000e+00
     43.000     9.7419    34.3534    26.4906 1.7019e-01     0.0178      0.832    1488.83     78.645     5.0150 0.0000e+00
     44.000     9.7198    34.3624    26.5013 1.7014e-01     0.0238      0.963    1488.77     78.660     5.0180 0.0000e+00
     45.000     9.6969    34.3731    26.5135 1.6816e-01     0.0260      0.890    1488.72     78.491     5.0094 0.0000e+00
     46.000     9.6859    34.3774    26.5186 1.6820e-01     0.0248      0.850    1488.70     77.770     4.9644 0.0000e+00
     47.000     9.6563    34.3925    26.5353 1.6942e-01     0.0257      0.855    1488.63     77.284     4.9361 0.0000e+00
     48.000     9.6399    34.4026    26.5461 1.6801e-01     0.0226      0.883    1488.60     77.128     4.9277 0.0000e+00
     49.000     9.6398    34.4152    26.5559 1.6831e-01     0.0173      0.880    1488.63     76.493     4.8867 0.0000e+00
     50.000     9.6226    34.4341    26.5735 1.6801e-01     0.0143      0.817    1488.61     76.292     4.8751 0.0000e+00
     51.000     9.5668    34.4359    26.5842 1.6943e-01     0.0218      0.814    1488.43     77.277     4.9440 0.0000e+00
     52.000     9.5263    34.4455    26.5984 1.6944e-01     0.0220      0.830    1488.31     77.645     4.9716 0.0000e+00
     53.000     9.4940    34.4519    26.6087 1.7070e-01     0.0258      0.855    1488.21     76.465     4.8993 0.0000e+00
     54.000     9.4289    34.4434    26.6128 1.7192e-01     0.0380      0.895    1487.98     75.773     4.8622 0.0000e+00
     55.000     9.3950    34.4477    26.6217 1.6628e-01     0.0383      0.835    1487.88     74.807     4.8036 0.0000e+00
     56.000     9.4034    34.4519    26.6236 1.6868e-01     0.0329      0.829    1487.93     72.855     4.6773 0.0000e+00
     57.000     9.3844    34.4550    26.6292 1.6999e-01     0.0307      0.839    1487.89     72.430     4.6519 0.0000e+00
     58.000     9.3538    34.4588    26.6372 1.6895e-01     0.0333      0.800    1487.80     73.238     4.7068 0.0000e+00
     59.000     9.3171    34.4614    26.6452 1.7065e-01     0.0359      0.826    1487.68     73.422     4.7223 0.0000e+00
     60.000     9.2051    34.4620    26.6638 1.7741e-01     0.0419      0.845    1487.29     72.892     4.6998 0.0000e+00
     61.000     9.1391    34.4639    26.6760 1.7398e-01     0.0459      0.859    1487.06     71.908     4.6431 0.0000e+00
     62.000     9.0857    34.4593    26.6810 1.7530e-01     0.0539      0.870    1486.88     70.113     4.5326 0.0000e+00
     63.000     9.0004    34.4607    26.6957 1.7525e-01     0.0546      0.941    1486.58     68.807     4.4565 0.0000e+00
