Data/unprocessed_data/Trygve/TB20181211/TB20181211_CTD/TB_20181211_09_mooring_down.cnv
* Sea-Bird SBE 9 Data File:
* FileName = C:\CTD Brukere\OC4920\TB 20181211_09_mooring.hex
* Software Version Seasave V 7.23.2
* Temperature SN = 5352
* Conductivity SN = 3840
* Number of Bytes Per Scan = 28
* Number of Voltage Words = 4
* Number of Scans Averaged by the Deck Unit = 1
* NMEA baud rate = 4800
** Ship: R/V Trygve Braarud
** Cruise:
** Station:
** Operator:
# nquan = 11
# nvalues = 1786                        
# units = specified
# name 0 = depSM: Depth [salt water, m], lat = 59.00
# name 1 = t090C: Temperature [ITS-90, deg C]
# name 2 = sal00: Salinity, Practical [PSU]
# name 3 = sigma-t00: Density [sigma-t, kg/m^3 ]
# name 4 = flSP: Fluorescence, Seapoint
# name 5 = wetStar: Fluorescence, WET Labs WETstar [mg/m^3]
# name 6 = seaTurbMtr: Turbidity, Seapoint [FTU]
# name 7 = svCM: Sound Velocity [Chen-Millero, m/s]
# name 8 = sbeox0PS: Oxygen, SBE 43 [% saturation]
# name 9 = sbeox0ML/L: Oxygen, SBE 43 [ml/l]
# name 10 = flag: flag
# span 0 =      0.065,      4.593       
# span 1 =     4.1637,     8.9978       
# span 2 =    16.1423,    30.6123       
# span 3 =    12.8097,    23.6962       
# span 4 = 3.0002e-01, 2.2426e+00       
# span 5 =     0.1721,     2.9966       
# span 6 =      0.582,      2.369       
# span 7 =    1443.17,    1480.78       
# span 8 =     82.058,     97.370       
# span 9 =     5.4576,     7.7200       
# span 10 = 0.0000e+00, 0.0000e+00      
# interval = seconds: 1                 
# start_time = Dec 11 2018 12:30:32 [System UTC, first data scan.]
# bad_flag = -9.990e-29
*END*
[from data line 132]
      4.515     8.8261    29.3570    22.7287 4.2531e-01     0.2730      0.598    1478.70     83.231     5.5934 0.0000e+00
      4.535     8.8532    29.4023    22.7602 4.0497e-01     0.2697      0.585    1478.86     83.198     5.5861 0.0000e+00
      4.544     8.9011    29.4539    22.7935 4.3854e-01     0.2691      0.596    1479.10     83.358     5.5890 0.0000e+00
      4.534     8.8643    29.4375    22.7861 4.7822e-01     0.2741      0.636    1478.94     83.501     5.6038 0.0000e+00
      4.508     8.8422    29.4074    22.7658 4.3905e-01     0.2761      0.603    1478.82     83.569     5.6122 0.0000e+00
      4.492     8.8516    29.4082    22.7650 4.9094e-01     0.2732      0.606    1478.86     83.570     5.6111 0.0000e+00
      4.503     8.8561    29.4212    22.7746 4.8382e-01     0.2711      0.635    1478.89     83.555     5.6090 0.0000e+00
      4.530     8.8816    29.4448    22.7893 5.1638e-01     0.2671      0.603    1479.02     83.319     5.5892 0.0000e+00
      4.540     8.9023    29.4621    22.7997 6.4866e-01     0.2675      0.600    1479.11     83.185     5.5770 0.0000e+00
      4.520     8.8949    29.4507    22.7919 4.7110e-01     0.2723      0.628    1479.07     83.307     5.5865 0.0000e+00
      4.497     8.8945    29.4508    22.7921 5.2299e-01     0.2731      0.603    1479.07     83.499     5.5994 0.0000e+00
      4.494     8.9005    29.4661    22.8031 5.3114e-01     0.2724      0.621    1479.11     83.449     5.5947 0.0000e+00
      4.518     8.9038    29.4704    22.8060 4.0904e-01     0.2681      0.603    1479.13     83.419     5.5922 0.0000e+00
      4.547     8.9041    29.4725    22.8076 4.8077e-01     0.2684      0.611    1479.13     83.293     5.5836 0.0000e+00
      4.549     8.9042    29.4731    22.8081 5.2401e-01     0.2690      0.597    1479.14     83.116     5.5717 0.0000e+00
      4.515     8.9033    29.4741    22.8090 4.1718e-01     0.2710      0.638    1479.13     83.353     5.5876 0.0000e+00
      4.484     8.9040    29.4731    22.8081 4.2430e-01     0.2716      0.610    1479.13     83.525     5.5991 0.0000e+00
      4.490     8.9040    29.4745    22.8092 4.0446e-01     0.2690      0.588    1479.14     83.367     5.5885 0.0000e+00
      4.526     8.9037    29.4734    22.8084 4.5991e-01     0.2688      0.607    1479.13     83.455     5.5944 0.0000e+00
      4.550     8.9032    29.4754    22.8100 4.1972e-01     0.2664      0.600    1479.13     83.816     5.6186 0.0000e+00
      4.532     8.9031    29.4818    22.8150 4.0191e-01     0.2679      0.602    1479.14     83.669     5.6086 0.0000e+00
      4.493     8.9032    29.4800    22.8136 4.1260e-01     0.2692      0.842    1479.14     83.464     5.5949 0.0000e+00
      4.481     8.9020    29.4742    22.8092 4.5482e-01     0.2704      0.640    1479.13     83.599     5.6043 0.0000e+00
      4.504     8.9036    29.4831    22.8159 4.0954e-01     0.2671      0.595    1479.15     83.506     5.5975 0.0000e+00
      4.540     8.9066    29.4977    22.8270 4.1972e-01     0.2652      0.596    1479.18     83.310     5.5835 0.0000e+00
      4.542     8.9086    29.5072    22.8340 4.1667e-01     0.2670      0.624    1479.19     83.524     5.5973 0.0000e+00
      4.516     8.9069    29.5016    22.8299 4.0954e-01     0.2696      0.601    1479.18     83.700     5.6094 0.0000e+00
      4.492     8.9078    29.5047    22.8323 5.0468e-01     0.2711      0.609    1479.19     83.644     5.6054 0.0000e+00
      4.500     8.9099    29.5158    22.8406 4.3905e-01     0.2692      0.609    1479.21     83.575     5.6002 0.0000e+00
      4.520     8.9116    29.5212    22.8446 3.7902e-01     0.2672      0.604    1479.22     83.488     5.5939 0.0000e+00
      4.521     8.9112    29.5208    22.8444 4.5024e-01     0.2677      0.624    1479.22     83.603     5.6017 0.0000e+00
      4.502     8.9103    29.5179    22.8422 4.7365e-01     0.2690      0.627    1479.21     83.709     5.6090 0.0000e+00
      4.492     8.9101    29.5169    22.8415 5.3826e-01     0.2694      0.653    1479.21     83.635     5.6042 0.0000e+00
      4.504     8.9099    29.5163    22.8410 4.6551e-01     0.2668      0.594    1479.21     83.715     5.6095 0.0000e+00
      4.524     8.9109    29.5176    22.8419 5.7692e-01     0.2658      0.614    1479.22     83.879     5.6204 0.0000e+00
      4.528     8.9111    29.5199    22.8437 4.3091e-01     0.2672      0.610    1479.22     83.851     5.6184 0.0000e+00
      4.513     8.9126    29.5264    22.8485 4.5584e-01     0.2681      0.608    1479.23     83.608     5.6017 0.0000e+00
      4.495     8.9140    29.5326    22.8532 3.7088e-01     0.2685      0.591    1479.24     83.575     5.5990 0.0000e+00
      4.498     8.9167    29.5476    22.8644 3.8665e-01     0.2662      0.596    1479.27     83.496     5.5929 0.0000e+00
      4.519     8.9174    29.5531    22.8686 4.5584e-01     0.2648      0.644    1479.28     83.344     5.5824 0.0000e+00
      4.538     8.9147    29.5614    22.8755 4.3956e-01     0.2611      0.607    1479.28     83.357     5.5833 0.0000e+00
      4.539     8.9098    29.5762    22.8878 3.7800e-01     0.2611      0.607    1479.28     83.189     5.5722 0.0000e+00
      4.519     8.9106    29.5753    22.8870 5.4436e-01     0.2643      0.618    1479.28     83.192     5.5723 0.0000e+00
      4.499     8.9111    29.5747    22.8865 8.0281e-01     0.2647      0.597    1479.29     83.689     5.6055 0.0000e+00
      4.495     8.9083    29.5796    22.8907 3.7902e-01     0.2634      0.626    1479.28     83.668     5.6043 0.0000e+00
      4.508     8.9076    29.5985    22.9056 4.6398e-01     0.2614      0.599    1479.30     83.507     5.5929 0.0000e+00
      4.524     8.9131    29.6412    22.9382 5.1791e-01     0.2575      0.613    1479.37     83.439     5.5862 0.0000e+00
      4.525     8.9181    29.6637    22.9550 5.0519e-01     0.2563      0.594    1479.42     83.518     5.5900 0.0000e+00
      4.510     8.9182    29.6652    22.9561 4.5228e-01     0.2605      0.597    1479.42     83.664     5.5997 0.0000e+00
      4.497     8.9188    29.6671    22.9576 4.9654e-01     0.2618      0.589    1479.43     83.544     5.5915 0.0000e+00
      4.504     8.9182    29.6615    22.9533 4.1260e-01     0.2568      0.608    1479.42     83.639     5.5982 0.0000e+00
      4.522     8.9227    29.6864    22.9721 5.6879e-01     0.2517      0.609    1479.47     83.806     5.6079 0.0000e+00
      4.533     8.9267    29.7138    22.9929 4.1463e-01     0.2484      0.611    1479.51     83.709     5.5999 0.0000e+00
      4.527     8.9280    29.7246    23.0011 4.3753e-01     0.2553      0.618    1479.53     83.427     5.5805 0.0000e+00
      4.514     8.9252    29.7013    22.9834 4.6703e-01     0.2572      0.615    1479.49     83.375     5.5782 0.0000e+00
      4.505     8.9231    29.6859    22.9716 6.5222e-01     0.2581      0.618    1479.47     83.688     5.5999 0.0000e+00
      4.512     8.9221    29.6824    22.9690 4.1768e-01     0.2532      0.609    1479.46     83.761     5.6051 0.0000e+00
      4.528     8.9246    29.6971    22.9801 5.0315e-01     0.2493      0.608    1479.49     83.463     5.5843 0.0000e+00
      4.533     8.9265    29.7128    22.9922 4.9654e-01     0.2497      0.620    1479.51     83.380     5.5779 0.0000e+00
      4.525     8.9246    29.7064    22.9874 6.2474e-01     0.2557      0.611    1479.50     83.459     5.5837 0.0000e+00
      4.510     8.9207    29.6739    22.9626 4.1260e-01     0.2557      0.612    1479.44     83.449     5.5846 0.0000e+00
      4.508     8.9180    29.6656    22.9565 4.2735e-01     0.2555      0.593    1479.42     83.184     5.5676 0.0000e+00
      4.531     8.9219    29.6799    22.9671 4.4872e-01     0.2450      0.605    1479.46     83.351     5.5777 0.0000e+00
      4.545     8.9252    29.6996    22.9820 4.0497e-01     0.2479      0.737    1479.49     83.641     5.5960 0.0000e+00
      4.525     8.9237    29.6865    22.9720 3.8614e-01     0.2516      0.607    1479.47     83.539     5.5899 0.0000e+00
      4.497     8.9179    29.6643    22.9556 6.8326e-01     0.2490      0.604    1479.42     83.433     5.5843 0.0000e+00
      4.493     8.9144    29.6569    22.9502 4.1616e-01     0.2493      0.611    1479.40     83.648     5.5994 0.0000e+00
      4.514     8.9174    29.6640    22.9554 4.5635e-01     0.2533      0.681    1479.42     83.768     5.6068 0.0000e+00
      4.536     8.9202    29.6742    22.9629 4.2888e-01     0.2461      0.609    1479.44     83.714     5.6025 0.0000e+00
      4.534     8.9214    29.6815    22.9684 4.5228e-01     0.2495      0.667    1479.45     83.723     5.6026 0.0000e+00
      4.506     8.9170    29.6577    22.9505 4.2735e-01     0.2491      0.618    1479.41     83.518     5.5903 0.0000e+00
      4.486     8.9132    29.6400    22.9372 5.2249e-01     0.2466      0.595    1479.37     83.301     5.5769 0.0000e+00
      4.495     8.9141    29.6471    22.9426 4.1717e-01     0.2502      0.597    1479.39     83.492     5.5894 0.0000e+00
      4.525     8.9185    29.6674    22.9579 4.7466e-01     0.2486      0.600    1479.43     83.687     5.6011 0.0000e+00
      4.540     8.9207    29.6801    22.9674 4.1921e-01     0.2483      0.611    1479.45     83.599     5.5945 0.0000e+00
      4.522     8.9206    29.6737    22.9625 4.2837e-01     0.2519      0.816    1479.44     83.556     5.5919 0.0000e+00
      4.495     8.9150    29.6465    22.9420 3.7647e-01     0.2490      0.770    1479.39     83.594     5.5961 0.0000e+00
      4.492     8.9126    29.6385    22.9361 5.7540e-01     0.2492      0.594    1479.37     83.362     5.5811 0.0000e+00
      4.513     8.9148    29.6485    22.9436 4.1921e-01     0.2544      0.593    1479.39     83.093     5.5625 0.0000e+00
      4.534     8.9179    29.6620    22.9537 5.2707e-01     0.2510      0.622    1479.42     83.380     5.5808 0.0000e+00
      4.532     8.9175    29.6627    22.9544 3.9377e-01     0.2513      0.648    1479.42     83.595     5.5952 0.0000e+00
      4.512     8.9176    29.6606    22.9526 4.5737e-01     0.2487      0.609    1479.42     83.302     5.5757 0.0000e+00
      4.498     8.9155    29.6543    22.9480 4.2074e-01     0.2496      0.595    1479.40     83.198     5.5692 0.0000e+00
      4.507     8.9151    29.6543    22.9481 3.9276e-01     0.2481      0.593    1479.40     83.313     5.5770 0.0000e+00
      4.536     8.9174    29.6621    22.9539 3.8716e-01     0.2524      0.598    1479.42     83.211     5.5696 0.0000e+00
      4.551     8.9192    29.6686    22.9586 4.2582e-01     0.2507      0.612    1479.43     83.338     5.5777 0.0000e+00
      4.528     8.9175    29.6583    22.9509 4.2582e-01     0.2495      0.655    1479.41     83.624     5.5974 0.0000e+00
      4.492     8.9135    29.6373    22.9351 4.6195e-01     0.2488      0.619    1479.37     83.697     5.6035 0.0000e+00
      4.486     8.9129    29.6306    22.9299 4.6093e-01     0.2500      0.592    1479.36     83.475     5.5890 0.0000e+00
      4.516     8.9149    29.6463    22.9419 4.1972e-01     0.2488      0.587    1479.39     83.387     5.5823 0.0000e+00
      4.547     8.9173    29.6606    22.9527 4.0395e-01     0.2495      0.595    1479.41     83.454     5.5859 0.0000e+00
      4.541     8.9204    29.6766    22.9647 4.1209e-01     0.2507      0.619    1479.44     83.637     5.5972 0.0000e+00
      4.506     8.9142    29.6538    22.9478 4.4414e-01     0.2492      0.595    1479.39     83.957     5.6203 0.0000e+00
      4.489     8.9136    29.6429    22.9394 4.0853e-01     0.2489      0.597    1479.38     83.833     5.6124 0.0000e+00
      4.515     8.9149    29.6502    22.9449 3.9733e-01     0.2507      0.597    1479.39     83.563     5.5939 0.0000e+00
      4.546     8.9150    29.6500    22.9448 4.3345e-01     0.2512      0.648    1479.39     83.499     5.5896 0.0000e+00
      4.540     8.9136    29.6355    22.9337 3.7393e-01     0.2480      0.607    1479.37     83.349     5.5803 0.0000e+00
      4.507     8.9102    29.6082    22.9128 3.8563e-01     0.2462      0.611    1479.32     83.719     5.6064 0.0000e+00
      4.489     8.9101    29.6058    22.9109 4.5737e-01     0.2470      0.600    1479.32     83.827     5.6138 0.0000e+00
      4.503     8.9103    29.6046    22.9100 4.1717e-01     0.2495      0.605    1479.32     83.397     5.5850 0.0000e+00
      4.531     8.9104    29.6064    22.9114 4.2328e-01     0.2504      0.596    1479.32     83.414     5.5861 0.0000e+00
      4.544     8.9107    29.6105    22.9145 5.0112e-01     0.2476      0.633    1479.33     83.817     5.6128 0.0000e+00
      4.526     8.9109    29.6013    22.9073 4.2735e-01     0.2483      0.607    1479.32     83.547     5.5951 0.0000e+00
      4.502     8.9140    29.5885    22.8968 4.3905e-01     0.2513      0.595    1479.31     83.335     5.5810 0.0000e+00
      4.500     8.9197    29.5715    22.8827 4.4160e-01     0.2521      0.601    1479.31     83.428     5.5871 0.0000e+00
      4.520     8.9200    29.5699    22.8814 5.1282e-01     0.2502      0.601    1479.31     83.514     5.5929 0.0000e+00
      4.541     8.9178    29.5759    22.8864 4.5330e-01     0.2507      0.599    1479.31     83.373     5.5835 0.0000e+00
      4.539     8.9159    29.5835    22.8927 4.2684e-01     0.2508      0.624    1479.31     83.385     5.5842 0.0000e+00
      4.516     8.9189    29.5721    22.8833 3.8818e-01     0.2481      0.609    1479.31     83.571     5.5968 0.0000e+00
      4.503     8.9194    29.5702    22.8817 4.1718e-01     0.2507      0.597    1479.31     83.599     5.5986 0.0000e+00
      4.520     8.9201    29.5702    22.8816 4.7416e-01     0.2519      0.590    1479.31     83.528     5.5938 0.0000e+00
      4.546     8.9201    29.5703    22.8817 4.1514e-01     0.2510      0.587    1479.31     83.801     5.6121 0.0000e+00
      4.545     8.9203    29.5700    22.8814 5.1842e-01     0.2490      0.598    1479.31     83.821     5.6134 0.0000e+00
      4.515     8.9202    29.5705    22.8818 3.7902e-01     0.2514      0.620    1479.31     83.691     5.6047 0.0000e+00
      4.496     8.9205    29.5705    22.8818 4.2125e-01     0.2516      0.953    1479.32     83.589     5.5979 0.0000e+00
      4.505     8.9202    29.5704    22.8818 4.1412e-01     0.2526      0.646    1479.31     83.517     5.5930 0.0000e+00
      4.535     8.9202    29.5705    22.8818 4.2989e-01     0.2480      0.630    1479.31     83.769     5.6099 0.0000e+00
      4.552     8.9204    29.5711    22.8823 5.2198e-01     0.2486      0.646    1479.32     83.810     5.6126 0.0000e+00
      4.544     8.9208    29.5710    22.8821 4.4668e-01     0.2506      0.623    1479.32     83.567     5.5963 0.0000e+00
      4.521     8.9209    29.5709    22.8821 4.9094e-01     0.2531      0.604    1479.32     83.494     5.5914 0.0000e+00
      4.521     8.9203    29.5670    22.8791 4.1616e-01     0.2538      0.605    1479.31     83.425     5.5870 0.0000e+00
      4.550     8.9208    29.5697    22.8811 4.4668e-01     0.2489      0.612    1479.32     83.438     5.5877 0.0000e+00
      4.572     8.9204    29.5719    22.8829 4.5737e-01     0.2498      0.602    1479.32     83.770     5.6099 0.0000e+00
      4.557     8.9202    29.5719    22.8829 3.9682e-01     0.2512      0.617    1479.32     83.801     5.6120 0.0000e+00
      4.526     8.9211    29.5716    22.8826 4.7924e-01     0.2501      0.613    1479.32     83.600     5.5985 0.0000e+00
      4.518     8.9209    29.5706    22.8818 4.0802e-01     0.2506      0.619    1479.32     83.593     5.5980 0.0000e+00
      4.542     8.9213    29.5712    22.8822 4.8789e-01     0.2508      0.619    1479.32     83.669     5.6030 0.0000e+00
      4.574     8.9212    29.5728    22.8835 5.2198e-01     0.2525      0.599    1479.32     83.816     5.6128 0.0000e+00
      4.577     8.9212    29.5735    22.8841 5.1282e-01     0.2525      0.633    1479.32     83.654     5.6020 0.0000e+00
      4.550     8.9211    29.5734    22.8840 4.0853e-01     0.2534      0.649    1479.32     83.717     5.6062 0.0000e+00
