Data/unprocessed_data/Trygve/TB20181211/TB20181211_CTD/TB_20181211_09_mooring_down.cnv
* Sea-Bird SBE 9 Data File:
* FileName = C:\CTD Brukere\OC4920\TB 20181211_09_mooring.hex
* Software Version Seasave V 7.23.2
* Temperature SN = 5352
* Conductivity SN = 3840
* Number of Bytes Per Scan = 28
* Number of Voltage Words = 4
* Number of Scans Averaged by the Deck Unit = 1
* NMEA baud rate = 4800
** Ship: R/V Trygve Braarud
** Cruise:
** Station:
** Operator:
# nquan = 11
# nvalues = 1786                        
# units = specified
# name 0 = depSM: Depth [salt water, m], lat = 59.00
# name 1 = t090C: Temperature [ITS-90, deg C]
# name 2 = sal00: Salinity, Practical [PSU]
# name 3 = sigma-t00: Density [sigma-t, kg/m^3 ]
# name 4 = flSP: Fluorescence, Seapoint
# name 5 = wetStar: Fluorescence, WET Labs WETstar [mg/m^3]
# name 6 = seaTurbMtr: Turbidity, Seapoint [FTU]
# name 7 = svCM: Sound Velocity [Chen-Millero, m/s]
# name 8 = sbeox0PS: Oxygen, SBE 43 [% saturation]
# name 9 = sbeox0ML/L: Oxygen, SBE 43 [ml/l]
# name 10 = flag: flag
# span 0 =      0.065,      4.593       
# span 1 =     4.1637,     8.9978       
# span 2 =    16.1423,    30.6123       
# span 3 =    12.8097,    23.6962       
# span 4 = 3.0002e-01, 2.2426e+00       
# span 5 =     0.1721,     2.9966       
# span 6 =      0.582,      2.369       
# span 7 =    1443.17,    1480.78       
# span 8 =     82.058,     97.370       
# span 9 =     5.4576,     7.7200       
# span 10 = 0.0000e+00, 0.0000e+00      
# interval = seconds: 1                 
# start_time = Dec 11 2018 12:30:32 [System UTC, first data scan.]
# bad_flag = -9.990e-29
*END*
[from data line 263]
      4.528     8.9213    29.5728    22.8835 3.5358e-01     0.2544      0.595    1479.32     83.831     5.6139 0.0000e+00
      4.564     8.9209    29.5734    22.8840 3.7342e-01     0.2518      0.602    1479.32     83.534     5.5939 0.0000e+00
      4.585     8.9209    29.5737    22.8842 4.4974e-01     0.2488      0.665    1479.32     83.406     5.5854 0.0000e+00
      4.556     8.9209    29.5740    22.8845 3.9632e-01     0.2532      0.790    1479.32     83.594     5.5980 0.0000e+00
      4.505     8.9209    29.5736    22.8842 4.5482e-01     0.2518      0.605    1479.32     83.542     5.5945 0.0000e+00
      4.492     8.9211    29.5740    22.8845 4.2888e-01     0.2494      0.601    1479.32     83.524     5.5932 0.0000e+00
      4.527     8.9210    29.5740    22.8844 3.6833e-01     0.2493      0.614    1479.32     83.570     5.5964 0.0000e+00
      4.566     8.9209    29.5745    22.8849 4.2582e-01     0.2508      0.631    1479.32     83.476     5.5901 0.0000e+00
      4.566     8.9204    29.5751    22.8854 3.9835e-01     0.2538      0.605    1479.32     83.230     5.5736 0.0000e+00
      4.527     8.9209    29.5748    22.8851 4.3752e-01     0.2521      0.611    1479.32     83.488     5.5909 0.0000e+00
      4.503     8.9211    29.5749    22.8852 4.2837e-01     0.2520      0.623    1479.32     83.732     5.6072 0.0000e+00
      4.523     8.9208    29.5755    22.8857 3.9072e-01     0.2528      0.607    1479.32     83.608     5.5989 0.0000e+00
      4.556     8.9193    29.5762    22.8864 4.4414e-01     0.2534      0.590    1479.32     83.493     5.5913 0.0000e+00
      4.560     8.9167    29.6003    22.9056 4.1361e-01     0.2521      0.603    1479.34     83.379     5.5832 0.0000e+00
      4.532     8.9180    29.5815    22.8908 3.6477e-01     0.2546      0.618    1479.32     83.443     5.5879 0.0000e+00
      4.506     8.9208    29.5775    22.8872 4.1616e-01     0.2517      0.620    1479.32     83.638     5.6008 0.0000e+00
      4.510     8.9208    29.5776    22.8873 4.0954e-01     0.2532      0.594    1479.32     83.670     5.6030 0.0000e+00
      4.541     8.9174    29.5946    22.9011 4.2379e-01     0.2495      0.607    1479.33     83.599     5.5980 0.0000e+00
      4.560     8.9139    29.6135    22.9164 5.0417e-01     0.2527      0.635    1479.34     83.462     5.5886 0.0000e+00
      4.550     8.9137    29.6169    22.9190 4.3193e-01     0.2554      0.611    1479.35     83.456     5.5881 0.0000e+00
      4.524     8.9139    29.6172    22.9193 4.3498e-01     0.2545      0.603    1479.35     83.572     5.5958 0.0000e+00
      4.517     8.9138    29.6176    22.9196 5.7183e-01     0.2539      0.594    1479.35     83.623     5.5993 0.0000e+00
      4.536     8.9137    29.6202    22.9216 4.0497e-01     0.2517      0.607    1479.35     83.495     5.5906 0.0000e+00
      4.561     8.9144    29.6328    22.9314 5.0570e-01     0.2518      0.593    1479.37     83.064     5.5612 0.0000e+00
      4.567     8.9156    29.6498    22.9446 4.0547e-01     0.2507      0.611    1479.39     83.116     5.5639 0.0000e+00
      4.553     8.9163    29.6546    22.9482 3.7800e-01     0.2536      0.611    1479.40     83.374     5.5809 0.0000e+00
      4.523     8.9160    29.6440    22.9399 4.1311e-01     0.2529      0.599    1479.39     83.461     5.5872 0.0000e+00
      4.505     8.9150    29.6272    22.9269 4.7466e-01     0.2532      0.616    1479.36     83.422     5.5853 0.0000e+00
      4.522     8.9153    29.6355    22.9334 4.3244e-01     0.2547      0.597    1479.38     83.357     5.5805 0.0000e+00
      4.553     8.9192    29.6718    22.9612 4.8179e-01     0.2519      0.587    1479.44     83.513     5.5892 0.0000e+00
      4.561     8.9225    29.6925    22.9769 3.8411e-01     0.2515      0.616    1479.47     83.641     5.5967 0.0000e+00
      4.537     8.9219    29.6879    22.9734 4.1972e-01     0.2559      0.612    1479.46     83.639     5.5967 0.0000e+00
      4.512     8.9192    29.6732    22.9623 5.0875e-01     0.2539      0.607    1479.44     83.609     5.5956 0.0000e+00
      4.518     8.9208    29.6916    22.9764 4.1972e-01     0.2535      0.602    1479.47     83.441     5.5835 0.0000e+00
      4.548     8.9269    29.7337    23.0085 4.2888e-01     0.2496      0.638    1479.54     83.461     5.5825 0.0000e+00
      4.568     8.9307    29.7434    23.0154 4.1209e-01     0.2486      1.467    1479.56     83.344     5.5739 0.0000e+00
      4.558     8.9312    29.7486    23.0194 3.9072e-01     0.2545      0.976    1479.57     83.319     5.5720 0.0000e+00
      4.535     8.9303    29.7428    23.0150 3.8818e-01     0.2547      0.592    1479.56     83.450     5.5811 0.0000e+00
      4.527     8.9297    29.7411    23.0139 4.6703e-01     0.2538      0.599    1479.56     83.423     5.5794 0.0000e+00
      4.540     8.9299    29.7408    23.0135 4.2125e-01     0.2533      0.708    1479.56     83.599     5.5912 0.0000e+00
      4.547     8.9295    29.7401    23.0131 4.5279e-01     0.2547      0.591    1479.56     83.541     5.5873 0.0000e+00
      4.537     8.9293    29.7379    23.0113 5.0061e-01     0.2568      0.622    1479.55     83.472     5.5829 0.0000e+00
      4.520     8.9281    29.7296    23.0051 4.0344e-01     0.2539      0.628    1479.54     83.557     5.5890 0.0000e+00
      4.515     8.9269    29.7198    22.9976 4.6551e-01     0.2547      0.592    1479.52     83.654     5.5960 0.0000e+00
      4.527     8.9273    29.7215    22.9989 4.6449e-01     0.2534      0.594    1479.53     83.405     5.5792 0.0000e+00
      4.540     8.9299    29.7358    23.0097 4.6958e-01     0.2503      0.604    1479.55     83.275     5.5697 0.0000e+00
      4.541     8.9310    29.7446    23.0164 4.3244e-01     0.2540      0.609    1479.57     83.348     5.5741 0.0000e+00
      4.526     8.9315    29.7469    23.0180 4.1972e-01     0.2557      0.604    1479.57     83.343     5.5736 0.0000e+00
      4.515     8.9316    29.7462    23.0175 4.2328e-01     0.2539      0.604    1479.57     83.341     5.5735 0.0000e+00
      4.519     8.9333    29.7534    23.0229 3.9784e-01     0.2526      0.657    1479.59     83.421     5.5784 0.0000e+00
      4.539     8.9336    29.7578    23.0263 3.8207e-01     0.2495      0.605    1479.59     83.379     5.5754 0.0000e+00
      4.555     8.9344    29.7628    23.0301 4.5431e-01     0.2484      0.588    1479.60     83.418     5.5777 0.0000e+00
      4.543     8.9354    29.7693    23.0350 4.2888e-01     0.2507      0.602    1479.62     83.436     5.5785 0.0000e+00
      4.512     8.9353    29.7691    23.0349 4.4363e-01     0.2535      0.603    1479.62     83.392     5.5756 0.0000e+00
      4.498     8.9346    29.7649    23.0317 3.7749e-01     0.2514      0.629    1479.61     83.448     5.5796 0.0000e+00
      4.516     8.9370    29.7788    23.0422 3.8105e-01     0.2508      0.628    1479.63     83.579     5.5876 0.0000e+00
      4.547     8.9398    29.7919    23.0520 4.1921e-01     0.2433      0.595    1479.66     83.458     5.5787 0.0000e+00
      4.555     8.9422    29.8252    23.0777 3.9225e-01     0.2447      0.613    1479.71     83.489     5.5792 0.0000e+00
      4.533     8.9421    29.8181    23.0722 4.6856e-01     0.2498      0.618    1479.70     83.573     5.5851 0.0000e+00
      4.508     8.9411    29.7950    23.0543 4.5330e-01     0.2503      0.621    1479.67     83.441     5.5772 0.0000e+00
      4.521     8.9416    29.7991    23.0574 3.8105e-01     0.2486      0.592    1479.67     83.432     5.5765 0.0000e+00
      4.555     8.9425    29.8308    23.0820 4.4668e-01     0.2429      0.600    1479.72     83.431     5.5751 0.0000e+00
      4.563     8.9434    29.8380    23.0875 4.4109e-01     0.2442      0.661    1479.73     83.541     5.5821 0.0000e+00
      4.529     8.9432    29.8309    23.0820 4.5991e-01     0.2483      0.643    1479.72     83.697     5.5928 0.0000e+00
      4.494     8.9411    29.7989    23.0573 3.7342e-01     0.2485      0.617    1479.67     83.576     5.5861 0.0000e+00
      4.502     8.9407    29.7968    23.0557 4.1056e-01     0.2486      0.647    1479.67     83.286     5.5668 0.0000e+00
      4.541     8.9421    29.8134    23.0685 3.9632e-01     0.2425      0.648    1479.69     83.052     5.5504 0.0000e+00
      4.571     8.9437    29.8483    23.0956 4.3651e-01     0.2388      0.621    1479.74     83.080     5.5508 0.0000e+00
      4.562     8.9439    29.8592    23.1040 3.7495e-01     0.2474      0.642    1479.76     83.144     5.5547 0.0000e+00
      4.516     8.9428    29.8244    23.0770 4.5177e-01     0.2437      0.799    1479.71     83.200     5.5598 0.0000e+00
      4.487     8.9417    29.7990    23.0573 3.8512e-01     0.2441      0.613    1479.67     83.384     5.5732 0.0000e+00
      4.515     8.9423    29.8096    23.0655 4.3447e-01     0.2396      0.644    1479.69     83.607     5.5877 0.0000e+00
      4.570     8.9438    29.8652    23.1087 4.4159e-01     0.2305      0.593    1479.76     83.569     5.5829 0.0000e+00
      4.582     8.9439    29.9155    23.1480 4.1158e-01     0.2345      0.610    1479.83     83.451     5.5732 0.0000e+00
      4.534     8.9440    29.8770    23.1180 4.5788e-01     0.2408      0.612    1479.78     83.294     5.5641 0.0000e+00
      4.485     8.9420    29.8188    23.0727 4.5228e-01     0.2400      0.600    1479.70     83.430     5.5755 0.0000e+00
      4.489     8.9421    29.8199    23.0736 3.8512e-01     0.2395      0.596    1479.70     83.357     5.5706 0.0000e+00
      4.541     8.9435    29.8517    23.0982 3.9072e-01     0.2302      0.615    1479.75     82.983     5.5443 0.0000e+00
      4.585     8.9440    29.9090    23.1430 4.7161e-01     0.2262      0.604    1479.82     83.176     5.5551 0.0000e+00
      4.566     8.9440    29.8994    23.1354 4.2277e-01     0.2384      0.616    1479.81     83.662     5.5879 0.0000e+00
      4.503     8.9425    29.8312    23.0823 3.7139e-01     0.2364      0.651    1479.72     83.706     5.5935 0.0000e+00
      4.472     8.9420    29.8194    23.0732 3.9225e-01     0.2371      0.602    1479.70     83.542     5.5830 0.0000e+00
      4.506     8.9431    29.8355    23.0856 4.0496e-01     0.2360      0.626    1479.73     83.629     5.5881 0.0000e+00
      4.566     8.9439    29.8871    23.1259 3.6681e-01     0.2307      0.644    1479.79     83.465     5.5752 0.0000e+00
      4.581     8.9444    29.9233    23.1540 3.8767e-01     0.2339      0.629    1479.84     82.961     5.5402 0.0000e+00
      4.537     8.9442    29.8996    23.1356 4.9959e-01     0.2346      0.631    1479.81     82.848     5.5335 0.0000e+00
      4.487     8.9431    29.8314    23.0824 4.0191e-01     0.2344      0.611    1479.72     83.415     5.5740 0.0000e+00
      4.487     8.9427    29.8149    23.0696 4.2735e-01     0.2339      0.598    1479.70     83.760     5.5977 0.0000e+00
      4.536     8.9435    29.8459    23.0937 3.9276e-01     0.2341      0.599    1479.74     83.326     5.5674 0.0000e+00
      4.578     8.9442    29.9034    23.1385 3.5104e-01     0.2333      0.609    1479.81     82.979     5.5421 0.0000e+00
      4.563     8.9441    29.8945    23.1316 3.6681e-01     0.2354      0.675    1479.80     83.058     5.5477 0.0000e+00
      4.511     8.9432    29.8372    23.0869 3.7240e-01     0.2365      0.665    1479.73     83.100     5.5527 0.0000e+00
      4.486     8.9439    29.8429    23.0913 4.4058e-01     0.2335      0.642    1479.74     83.280     5.5644 0.0000e+00
      4.515     8.9439    29.8565    23.1019 4.2125e-01     0.2388      0.661    1479.75     83.310     5.5659 0.0000e+00
      4.569     8.9444    29.9086    23.1426 4.1718e-01     0.2307      0.607    1479.82     83.353     5.5668 0.0000e+00
      4.584     8.9447    29.9357    23.1637 4.1718e-01     0.2312      0.618    1479.86     83.240     5.5583 0.0000e+00
      4.539     8.9449    29.9299    23.1592 3.7953e-01     0.2339      0.614    1479.85     83.166     5.5536 0.0000e+00
      4.489     8.9447    29.9275    23.1573 4.2023e-01     0.2288      0.633    1479.84     83.402     5.5694 0.0000e+00
      4.489     8.9448    29.9341    23.1625 4.5584e-01     0.2338      0.613    1479.85     83.525     5.5774 0.0000e+00
      4.541     8.9445    29.9537    23.1779 3.6426e-01     0.2316      0.621    1479.87     83.431     5.5704 0.0000e+00
      4.583     8.9363    30.0294    23.2382 4.2481e-01     0.2292      0.614    1479.94     83.575     5.5783 0.0000e+00
      4.567     8.9312    30.0601    23.2630 3.8868e-01     0.2327      0.651    1479.96     83.772     5.5910 0.0000e+00
      4.510     8.9403    30.0114    23.2236 3.8258e-01     0.2303      0.615    1479.93     83.735     5.5891 0.0000e+00
      4.484     8.9411    30.0199    23.2301 3.8970e-01     0.2301      0.614    1479.94     83.440     5.5691 0.0000e+00
      4.515     8.9388    30.0252    23.2346 3.9988e-01     0.2342      0.627    1479.94     83.577     5.5783 0.0000e+00
      4.572     8.9375    30.0259    23.2353 4.1565e-01     0.2356      0.602    1479.94     83.727     5.5885 0.0000e+00
      4.586     8.9305    30.0643    23.2664 3.7088e-01     0.2344      0.634    1479.96     83.599     5.5794 0.0000e+00
      4.537     8.9399    30.0136    23.2254 3.7546e-01     0.2305      0.627    1479.93     83.577     5.5786 0.0000e+00
      4.484     8.9448    29.9585    23.1815 4.2735e-01     0.2312      0.606    1479.88     83.435     5.5705 0.0000e+00
      4.486     8.9432    29.9840    23.2017 4.5075e-01     0.2311      0.601    1479.91     83.523     5.5756 0.0000e+00
      4.540     8.9408    29.9929    23.2090 3.5256e-01     0.2296      0.599    1479.91     83.750     5.5908 0.0000e+00
      4.584     8.9390    30.0224    23.2323 4.1311e-01     0.2299      0.625    1479.94     83.610     5.5806 0.0000e+00
      4.569     8.9423    30.0047    23.2180 4.4210e-01     0.2278      0.627    1479.93     83.441     5.5695 0.0000e+00
      4.519     8.9452    29.9525    23.1768 3.8055e-01     0.2257      0.616    1479.88     83.308     5.5622 0.0000e+00
      4.503     8.9455    29.9505    23.1752 4.1514e-01     0.2243      0.615    1479.87     83.499     5.5750 0.0000e+00
      4.539     8.9440    29.9602    23.1830 3.8258e-01     0.2287      0.611    1479.88     83.546     5.5779 0.0000e+00
      4.578     8.9445    29.9823    23.2002 4.2684e-01     0.2273      0.616    1479.91     83.295     5.5603 0.0000e+00
      4.574     8.9428    29.9991    23.2136 3.8055e-01     0.2263      0.624    1479.92     83.114     5.5479 0.0000e+00
      4.538     8.9451    29.9592    23.1820 3.8869e-01     0.2223      0.623    1479.88     83.270     5.5594 0.0000e+00
      4.507     8.9445    29.9745    23.1941 4.2888e-01     0.2235      0.674    1479.90     83.404     5.5679 0.0000e+00
      4.518     8.9450    29.9669    23.1881 3.9784e-01     0.2231      0.604    1479.89     83.600     5.5812 0.0000e+00
      4.559     8.9396    30.0006    23.2152 4.0547e-01     0.2240      0.603    1479.91     83.810     5.5946 0.0000e+00
      4.578     8.9321    30.0627    23.2649 4.3447e-01     0.2270      0.638    1479.96     83.596     5.5790 0.0000e+00
      4.552     8.9399    30.0366    23.2434 4.0090e-01     0.2239      0.646    1479.96     83.120     5.5473 0.0000e+00
      4.515     8.9427    30.0027    23.2164 4.3956e-01     0.2207      0.623    1479.93     83.055     5.5438 0.0000e+00
      4.509     8.9440    30.0124    23.2238 4.3447e-01     0.2242      0.657    1479.94     83.365     5.5639 0.0000e+00
      4.538     8.9432    30.0046    23.2178 3.9733e-01     0.2233      0.606    1479.93     83.425     5.5683 0.0000e+00
      4.566     8.9449    29.9875    23.2042 6.2118e-01     0.2243      0.615    1479.92     83.308     5.5609 0.0000e+00
      4.562     8.9445    29.9791    23.1977 4.0802e-01     0.2251      0.628    1479.91     83.394     5.5670 0.0000e+00
      4.533     8.9451    29.9375    23.1651 4.1667e-01     0.2235      0.641    1479.86     83.352     5.5657 0.0000e+00
