Data/unprocessed_data/Trygve/TB20181211/TB20181211_CTD/TB_20181211_02_down.cnv
* Sea-Bird SBE 9 Data File:
* FileName = C:\CTD Brukere\OC4920\TB 20181211_02.hex
* Software Version Seasave V 7.23.2
* Temperature SN = 5352
* Conductivity SN = 3840
* Number of Bytes Per Scan = 28
* Number of Voltage Words = 4
* Number of Scans Averaged by the Deck Unit = 1
* NMEA baud rate = 4800
** Ship: R/V Trygve Braarud
** Cruise:
** Station:
** Operator:
# nquan = 11
# nvalues = 76                          
# units = specified
# name 0 = depSM: Depth [salt water, m], lat = 59.00
# name 1 = t090C: Temperature [ITS-90, deg C]
# name 2 = sal00: Salinity, Practical [PSU]
# name 3 = sigma-t00: Density [sigma-t, kg/m^3 ]
# name 4 = flSP: Fluorescence, Seapoint
# name 5 = wetStar: Fluorescence, WET Labs WETstar [mg/m^3]
# name 6 = seaTurbMtr: Turbidity, Seapoint [FTU]
# name 7 = svCM: Sound Velocity [Chen-Millero, m/s]
# name 8 = sbeox0PS: Oxygen, SBE 43 [% saturation]
# name 9 = sbeox0ML/L: Oxygen, SBE 43 [ml/l]
# name 10 = flag: flag
# span 0 =      1.000,     76.000       
# span 1 =     5.7652,     9.8916       
# span 2 =    23.2320,    34.4662       
# span 3 =    18.2844,    26.9695       
# span 4 = 1.6577e-01, 6.9106e-01       
# span 5 =     0.0029,     1.4486       
# span 6 =      0.626,      2.026       
# span 7 =    1458.93,    1488.85       
# span 8 =     36.629,     93.970       
# span 9 =     2.4809,     6.8553       
# span 10 = 0.0000e+00, 0.0000e+00      
# interval = meters: 1                  
# start_time = Dec 11 2018 10:04:15 [System UTC, first data scan.]
# bad_flag = -9.990e-29
*END*
      1.000     5.7652    23.2320    18.2844 6.9106e-01     1.4486      2.026    1458.93     91.182     6.8553 0.0000e+00
      2.000     6.9768    26.9189    21.0634 5.5548e-01     0.4299      1.394    1468.51     92.134     6.5625 0.0000e+00
      3.000     7.7733    27.9891    21.8036 4.6509e-01     0.3162      0.662    1472.97     93.970     6.5259 0.0000e+00
      4.000     7.9114    28.2671    22.0019 4.1619e-01     0.2557      0.679    1473.86     90.890     6.2810 0.0000e+00
      5.000     8.2770    28.9893    22.5192 3.3479e-01     0.2154      0.626    1476.18     89.240     6.0867 0.0000e+00
      6.000     8.3753    29.2225    22.6882 3.2507e-01     0.1912      0.646    1476.85     86.491     5.8770 0.0000e+00
      7.000     8.5289    29.7641    23.0903 3.1566e-01     0.1235      0.663    1478.12     86.008     5.8035 0.0000e+00
      8.000     8.8578    31.0386    24.0392 2.6684e-01     0.0986      0.696    1480.94     85.278     5.6650 0.0000e+00
      9.000     9.1846    31.8005    24.5850 2.2497e-01     0.0795      0.737    1483.10     85.314     5.5987 0.0000e+00
     10.000     9.5613    32.4460    25.0298 2.0836e-01     0.0689      0.726    1485.29     84.471     5.4747 0.0000e+00
     11.000     9.7431    32.8722    25.3332 2.0259e-01     0.0611      0.745    1486.49     83.261     5.3600 0.0000e+00
     12.000     9.7207    33.1253    25.5346 2.1046e-01     0.0490      0.765    1486.74     80.894     5.2016 0.0000e+00
     13.000     9.7257    33.3265    25.6910 1.9838e-01     0.0371      0.777    1487.02     79.268     5.0900 0.0000e+00
     14.000     9.6408    33.4752    25.8211 2.0710e-01     0.0356      0.801    1486.91     79.192     5.0896 0.0000e+00
     15.000     9.5948    33.5580    25.8933 2.0155e-01     0.0302      0.833    1486.86     80.098     5.1504 0.0000e+00
     16.000     9.6515    33.6186    25.9314 1.9409e-01     0.0287      0.833    1487.15     81.451     5.2288 0.0000e+00
     17.000     9.7494    33.7387    26.0090 1.8756e-01     0.0280      0.814    1487.67     81.785     5.2349 0.0000e+00
     18.000     9.8090    33.7932    26.0417 1.7910e-01     0.0264      0.800    1487.97     82.205     5.2532 0.0000e+00
     19.000     9.8124    33.8065    26.0515 1.7477e-01     0.0259      0.818    1488.02     81.373     5.1992 0.0000e+00
     20.000     9.8350    33.8724    26.0992 1.8241e-01     0.0242      0.808    1488.20     81.267     5.1876 0.0000e+00
     21.000     9.8291    33.9044    26.1252 1.7842e-01     0.0236      0.814    1488.23     81.062     5.1742 0.0000e+00
     22.000     9.8347    33.9367    26.1494 1.7226e-01     0.0197      0.791    1488.31     81.094     5.1745 0.0000e+00
     23.000     9.8585    33.9572    26.1615 1.7069e-01     0.0258      0.775    1488.43     81.407     5.1911 0.0000e+00
     24.000     9.8916    34.0169    26.2026 1.6936e-01     0.0203      0.775    1488.64     81.284     5.1776 0.0000e+00
     25.000     9.8657    34.0339    26.2202 1.6967e-01     0.0195      0.773    1488.59     80.967     5.1597 0.0000e+00
     26.000     9.8749    34.0774    26.2526 1.6874e-01     0.0196      0.774    1488.69     80.112     5.1027 0.0000e+00
     27.000     9.8660    34.1039    26.2748 1.7044e-01     0.0171      0.787    1488.71     80.519     5.1288 0.0000e+00
     28.000     9.8628    34.1090    26.2794 1.6943e-01     0.0172      0.817    1488.72     80.766     5.1448 0.0000e+00
     29.000     9.8658    34.1549    26.3147 1.6803e-01     0.0200      0.795    1488.80     81.030     5.1597 0.0000e+00
     30.000     9.8673    34.1573    26.3163 1.6577e-01     0.0197      0.776    1488.83     80.707     5.1389 0.0000e+00
     31.000     9.8551    34.1834    26.3388 1.6815e-01     0.0177      0.787    1488.83     80.730     5.1408 0.0000e+00
     32.000     9.8432    34.1903    26.3461 1.6877e-01     0.0143      0.791    1488.81     80.483     5.1262 0.0000e+00
     33.000     9.8170    34.2155    26.3702 1.7191e-01     0.0124      0.778    1488.76     80.516     5.1304 0.0000e+00
     34.000     9.8008    34.2331    26.3867 1.6747e-01     0.0122      0.779    1488.74     80.759     5.1471 0.0000e+00
     35.000     9.7926    34.2433    26.3960 1.7137e-01     0.0131      0.860    1488.74     80.906     5.1571 0.0000e+00
     36.000     9.7884    34.2490    26.4012 1.6949e-01     0.0108      0.806    1488.75     81.361     5.1864 0.0000e+00
     37.000     9.7790    34.2621    26.4130 1.6956e-01     0.0101      0.805    1488.75     81.376     5.1880 0.0000e+00
     38.000     9.7660    34.2806    26.4297 1.7049e-01     0.0087      0.803    1488.74     81.535     5.1990 0.0000e+00
     39.000     9.7516    34.3037    26.4501 1.6862e-01     0.0110      0.803    1488.73     81.845     5.2196 0.0000e+00
     40.000     9.7385    34.3197    26.4647 1.6982e-01     0.0124      0.817    1488.72     81.691     5.2107 0.0000e+00
     41.000     9.7314    34.3290    26.4732 1.7070e-01     0.0194      0.807    1488.73     81.541     5.2017 0.0000e+00
     42.000     9.7259    34.3406    26.4832 1.6958e-01     0.0185      0.799    1488.74     80.760     5.1521 0.0000e+00
     43.000     9.7259    34.3467    26.4880 1.6953e-01     0.0175      0.804    1488.76     80.547     5.1383 0.0000e+00
     44.000     9.7308    34.3628    26.4998 1.6624e-01     0.0119      0.809    1488.82     79.511     5.0711 0.0000e+00
     45.000     9.7268    34.3769    26.5115 1.7044e-01     0.0029      0.833    1488.83     79.517     5.0715 0.0000e+00
     46.000     9.7220    34.3830    26.5170 1.6878e-01     0.0088      0.832    1488.84     79.565     5.0749 0.0000e+00
     47.000     9.7153    34.3906    26.5241 1.6944e-01     0.0108      0.830    1488.84     79.997     5.1029 0.0000e+00
     48.000     9.7099    34.3944    26.5279 1.7019e-01     0.0201      0.792    1488.85     80.888     5.1603 0.0000e+00
     49.000     9.6871    34.4014    26.5372 1.6610e-01     0.0205      0.764    1488.79     80.855     5.1605 0.0000e+00
     50.000     9.6669    34.4117    26.5486 1.6636e-01     0.0140      0.802    1488.74     80.186     5.1197 0.0000e+00
     51.000     9.6498    34.4229    26.5602 1.6639e-01     0.0170      0.804    1488.71     79.038     5.0479 0.0000e+00
     52.000     9.6268    34.4337    26.5725 1.6606e-01     0.0140      0.819    1488.66     78.324     5.0045 0.0000e+00
     53.000     9.6145    34.4397    26.5792 1.6836e-01     0.0217      0.820    1488.64     78.604     5.0235 0.0000e+00
     54.000     9.5870    34.4465    26.5891 1.6699e-01     0.0299      0.805    1488.56     78.270     5.0050 0.0000e+00
     55.000     9.5649    34.4477    26.5937 1.6711e-01     0.0320      0.779    1488.50     78.068     4.9944 0.0000e+00
     56.000     9.5317    34.4490    26.6002 1.6853e-01     0.0336      0.788    1488.40     77.504     4.9619 0.0000e+00
     57.000     9.5111    34.4501    26.6044 1.6993e-01     0.0355      0.770    1488.34     76.843     4.9217 0.0000e+00
     58.000     9.4800    34.4531    26.6120 1.7304e-01     0.0332      0.822    1488.25     75.856     4.8617 0.0000e+00
     59.000     9.4281    34.4540    26.6212 1.7096e-01     0.0380      0.829    1488.08     74.997     4.8122 0.0000e+00
     60.000     9.4039    34.4568    26.6274 1.7094e-01     0.0415      0.875    1488.01     74.804     4.8022 0.0000e+00
     61.000     9.3765    34.4565    26.6316 1.7117e-01     0.0403      0.913    1487.92     74.190     4.7657 0.0000e+00
     62.000     9.3172    34.4607    26.6446 1.7021e-01     0.0401      0.930    1487.73     73.760     4.7441 0.0000e+00
     63.000     9.2900    34.4575    26.6465 1.7278e-01     0.0574      0.907    1487.64     72.851     4.6885 0.0000e+00
     64.000     9.0209    34.4389    26.6753 1.7468e-01     0.0821      0.823    1486.65     72.061     4.6659 0.0000e+00
     65.000     8.9405    34.4492    26.6963 1.7677e-01     0.0917      0.809    1486.38     71.253     4.6214 0.0000e+00
     66.000     8.7864    34.4278    26.7039 1.7765e-01     0.0931      0.831    1485.80     67.451     4.3904 0.0000e+00
     67.000     8.5806    34.4601    26.7614 1.8073e-01     0.1004      0.863    1485.09     65.760     4.2991 0.0000e+00
     68.000     8.5466    34.4568    26.7641 1.8076e-01     0.1207      0.808    1484.98     63.424     4.1495 0.0000e+00
     69.000     8.2572    34.4492    26.8025 1.8033e-01     0.1288      0.847    1483.90     61.155     4.0273 0.0000e+00
     70.000     8.1540    34.4655    26.8309 1.8523e-01     0.1421      0.815    1483.55     59.759     3.9440 0.0000e+00
     71.000     7.9956    34.4662    26.8552 1.8579e-01     0.1619      0.789    1482.97     55.962     3.7065 0.0000e+00
     72.000     7.3783    34.4424    26.9257 1.9191e-01     0.1725      0.822    1480.60     43.881     2.9437 0.0000e+00
     73.000     7.1048    34.4312    26.9562 1.8973e-01     0.1826      0.813    1479.56     38.312     2.5900 0.0000e+00
     74.000     7.0665    34.4324    26.9624 1.8951e-01     0.1870      0.828    1479.43     38.270     2.5894 0.0000e+00
     75.000     7.0506    34.4332    26.9653 1.8709e-01     0.1888      0.825    1479.39     37.867     2.5630 0.0000e+00
     76.000     7.0207    34.4333    26.9695 1.9259e-01     0.1891      0.856    1479.29     36.629     2.4809 0.0000e+00
