Data/unprocessed_data/Trygve/TB20181211/TB20181211_CTD/TB_20181211_09_mooring_down.cnv
* Sea-Bird SBE 9 Data File:
* FileName = C:\CTD Brukere\OC4920\TB 20181211_09_mooring.hex
* Software Version Seasave V 7.23.2
* Temperature SN = 5352
* Conductivity SN = 3840
* Number of Bytes Per Scan = 28
* Number of Voltage Words = 4
* Number of Scans Averaged by the Deck Unit = 1
* NMEA baud rate = 4800
** Ship: R/V Trygve Braarud
** Cruise:
** Station:
** Operator:
# nquan = 11
# nvalues = 1786                        
# units = specified
# name 0 = depSM: Depth [salt water, m], lat = 59.00
# name 1 = t090C: Temperature [ITS-90, deg C]
# name 2 = sal00: Salinity, Practical [PSU]
# name 3 = sigma-t00: Density [sigma-t, kg/m^3 ]
# name 4 = flSP: Fluorescence, Seapoint
# name 5 = wetStar: Fluorescence, WET Labs WETstar [mg/m^3]
# name 6 = seaTurbMtr: Turbidity, Seapoint [FTU]
# name 7 = svCM: Sound Velocity [Chen-Millero, m/s]
# name 8 = sbeox0PS: Oxygen, SBE 43 [% saturation]
# name 9 = sbeox0ML/L: Oxygen, SBE 43 [ml/l]
# name 10 = flag: flag
# span 0 =      0.065,      4.593       
# span 1 =     4.1637,     8.9978       
# span 2 =    16.1423,    30.6123       
# span 3 =    12.8097,    23.6962       
# span 4 = 3.0002e-01, 2.2426e+00       
# span 5 =     0.1721,     2.9966       
# span 6 =      0.582,      2.369       
# span 7 =    1443.17,    1480.78       
# span 8 =     82.058,     97.370       
# span 9 =     5.4576,     7.7200       
# span 10 = 0.0000e+00, 0.0000e+00      
# interval = seconds: 1                 
# start_time = Dec 11 2018 12:30:32 [System UTC, first data scan.]
# bad_flag = -9.990e-29
*END*
[from data line 1312]
      4.494     8.9797    29.9561    23.1744 3.5816e-01     0.1934      0.637    1480.01     82.936     5.5329 0.0000e+00
      4.531     8.9812    30.0018    23.2100 3.9377e-01     0.1934      0.624    1480.07     83.026     5.5371 0.0000e+00
      4.552     8.9822    30.0327    23.2339 4.2124e-01     0.1917      0.613    1480.11     83.273     5.5524 0.0000e+00
      4.532     8.9807    29.9695    23.1848 3.7291e-01     0.1935      0.631    1480.03     83.337     5.5591 0.0000e+00
      4.497     8.9785    29.9293    23.1537 3.7495e-01     0.1978      0.634    1479.97     83.364     5.5626 0.0000e+00
      4.488     8.9783    29.9294    23.1538 4.5635e-01     0.1957      0.628    1479.97     83.376     5.5634 0.0000e+00
      4.515     8.9793    29.9522    23.1714 3.6172e-01     0.1932      0.619    1480.00     83.295     5.5571 0.0000e+00
      4.551     8.9799    29.9266    23.1514 4.6296e-01     0.1982      0.722    1479.98     83.437     5.5674 0.0000e+00
      4.558     8.9803    29.9335    23.1567 4.1056e-01     0.1960      0.639    1479.99     83.214     5.5522 0.0000e+00
      4.528     8.9767    29.9127    23.1410 4.9756e-01     0.1959      0.648    1479.95     82.892     5.5319 0.0000e+00
      4.488     8.9735    29.8992    23.1309 4.2328e-01     0.2007      0.633    1479.91     82.700     5.5200 0.0000e+00
      4.482     8.9737    29.9077    23.1375 3.8105e-01     0.1986      0.644    1479.93     82.876     5.5314 0.0000e+00
      4.517     8.9754    29.9154    23.1433 4.2633e-01     0.1930      0.743    1479.94     83.288     5.5584 0.0000e+00
      4.553     8.9762    29.9162    23.1438 4.3803e-01     0.1954      0.735    1479.95     83.216     5.5534 0.0000e+00
      4.544     8.9782    29.9195    23.1461 4.0344e-01     0.1976      0.639    1479.96     83.229     5.5540 0.0000e+00
      4.501     8.9730    29.9033    23.1342 3.8360e-01     0.1981      0.632    1479.92     83.419     5.5679 0.0000e+00
      4.475     8.9736    29.8983    23.1302 4.3396e-01     0.1979      0.629    1479.92     83.516     5.5745 0.0000e+00
      4.492     8.9743    29.9057    23.1359 4.0497e-01     0.1977      0.635    1479.93     83.261     5.5571 0.0000e+00
      4.533     8.9737    29.9032    23.1340 3.9683e-01     0.1975      0.616    1479.92     83.216     5.5542 0.0000e+00
      4.550     8.9743    29.9027    23.1335 5.0977e-01     0.1981      0.639    1479.92     83.061     5.5439 0.0000e+00
      4.525     8.9736    29.8997    23.1313 3.5256e-01     0.1989      0.631    1479.92     82.965     5.5376 0.0000e+00
      4.489     8.9723    29.8812    23.1170 3.8716e-01     0.1990      0.628    1479.89     82.964     5.5384 0.0000e+00
      4.482     8.9720    29.8746    23.1119 4.1921e-01     0.1995      0.625    1479.88     82.933     5.5366 0.0000e+00
      4.510     8.9730    29.8920    23.1254 3.6884e-01     0.1984      0.651    1479.91     83.188     5.5529 0.0000e+00
      4.543     8.9727    29.8920    23.1254 4.4312e-01     0.2013      0.618    1479.91     83.406     5.5675 0.0000e+00
      4.543     8.9733    29.8974    23.1295 3.9835e-01     0.1997      0.634    1479.91     83.366     5.5645 0.0000e+00
      4.508     8.9730    29.8926    23.1258 3.5409e-01     0.1967      0.624    1479.90     83.348     5.5635 0.0000e+00
      4.486     8.9719    29.8727    23.1104 4.2684e-01     0.1989      0.641    1479.88     83.067     5.5456 0.0000e+00
      4.507     8.9723    29.8828    23.1182 4.3956e-01     0.1956      0.615    1479.89     83.002     5.5409 0.0000e+00
      4.539     8.9727    29.8948    23.1275 4.2684e-01     0.2026      0.621    1479.91     83.203     5.5538 0.0000e+00
      4.540     8.9729    29.8959    23.1284 3.7190e-01     0.1979      0.717    1479.91     83.057     5.5440 0.0000e+00
      4.511     8.9720    29.8819    23.1176 3.8105e-01     0.2003      0.634    1479.89     82.943     5.5370 0.0000e+00
      4.490     8.9713    29.8625    23.1026 4.7365e-01     0.1974      0.625    1479.86     83.183     5.5538 0.0000e+00
      4.497     8.9714    29.8666    23.1057 3.9632e-01     0.1973      0.656    1479.87     83.584     5.5804 0.0000e+00
      4.527     8.9722    29.8803    23.1163 4.2226e-01     0.1981      0.640    1479.89     83.454     5.5712 0.0000e+00
      4.546     8.9729    29.8938    23.1268 3.9326e-01     0.2020      0.629    1479.91     83.312     5.5611 0.0000e+00
      4.529     8.9733    29.8987    23.1305 3.6884e-01     0.1992      0.750    1479.92     83.454     5.5703 0.0000e+00
      4.500     8.9727    29.8912    23.1248 3.8869e-01     0.2018      0.628    1479.90     83.455     5.5707 0.0000e+00
      4.491     8.9722    29.8856    23.1205 4.9400e-01     0.1990      0.645    1479.89     83.400     5.5674 0.0000e+00
      4.511     8.9727    29.8920    23.1254 4.2175e-01     0.1996      0.617    1479.91     83.348     5.5636 0.0000e+00
      4.540     8.9727    29.8965    23.1289 4.3396e-01     0.2047      0.627    1479.91     83.042     5.5430 0.0000e+00
      4.545     8.9730    29.8966    23.1290 4.2786e-01     0.2038      0.634    1479.91     83.194     5.5531 0.0000e+00
      4.519     8.9727    29.8894    23.1234 3.9632e-01     0.2048      0.632    1479.90     83.420     5.5685 0.0000e+00
      4.492     8.9721    29.8774    23.1140 4.5584e-01     0.2040      0.634    1479.88     83.409     5.5682 0.0000e+00
      4.497     8.9719    29.8774    23.1141 4.2328e-01     0.2033      0.621    1479.88     83.404     5.5679 0.0000e+00
      4.525     8.9728    29.8961    23.1286 4.3244e-01     0.2038      0.622    1479.91     83.266     5.5580 0.0000e+00
      4.545     8.9731    29.8974    23.1296 6.6850e-01     0.2052      0.624    1479.91     83.280     5.5588 0.0000e+00
      4.534     8.9731    29.8973    23.1295 3.6986e-01     0.2070      0.630    1479.91     83.529     5.5754 0.0000e+00
      4.506     8.9729    29.8960    23.1285 3.9682e-01     0.2138      0.662    1479.91     83.517     5.5747 0.0000e+00
      4.492     8.9704    29.8600    23.1008 3.6681e-01     0.2127      0.654    1479.86     83.532     5.5773 0.0000e+00
      4.509     8.9713    29.8516    23.0940 3.7800e-01     0.2083      0.615    1479.85     83.379     5.5673 0.0000e+00
      4.546     8.9730    29.8935    23.1265 3.8614e-01     0.2070      0.610    1479.91     82.978     5.5388 0.0000e+00
      4.559     8.9733    29.8979    23.1299 5.0621e-01     0.2084      0.630    1479.92     82.731     5.5221 0.0000e+00
      4.525     8.9732    29.8961    23.1286 4.3803e-01     0.2151      0.675    1479.91     82.883     5.5324 0.0000e+00
      4.485     8.9711    29.8584    23.0994 3.8461e-01     0.2144      0.637    1479.86     83.274     5.5601 0.0000e+00
      4.484     8.9703    29.8387    23.0841 4.1107e-01     0.2158      0.641    1479.83     83.419     5.5706 0.0000e+00
      4.521     8.9707    29.8479    23.0912 4.1158e-01     0.2127      0.616    1479.84     83.427     5.5707 0.0000e+00
      4.553     8.9727    29.8867    23.1213 3.8004e-01     0.2143      0.598    1479.90     83.329     5.5625 0.0000e+00
      4.542     8.9733    29.8947    23.1274 3.6325e-01     0.2141      0.636    1479.91     83.349     5.5635 0.0000e+00
      4.503     8.9714    29.8588    23.0996 3.7597e-01     0.2167      0.636    1479.86     83.535     5.5774 0.0000e+00
      4.482     8.9699    29.8322    23.0790 4.0395e-01     0.2153      0.730    1479.82     83.579     5.5815 0.0000e+00
      4.501     8.9698    29.8329    23.0796 3.6427e-01     0.2140      0.613    1479.82     83.577     5.5814 0.0000e+00
      4.544     8.9718    29.8823    23.1179 3.8258e-01     0.2162      0.650    1479.89     83.242     5.5570 0.0000e+00
      4.559     8.9735    29.8971    23.1293 4.2277e-01     0.2162      0.620    1479.91     83.194     5.5530 0.0000e+00
      4.524     8.9718    29.8612    23.1015 3.9428e-01     0.2192      0.642    1479.86     83.392     5.5678 0.0000e+00
      4.479     8.9698    29.8339    23.0804 4.1260e-01     0.2213      0.620    1479.82     83.507     5.5767 0.0000e+00
      4.480     8.9698    29.8331    23.0798 3.7088e-01     0.2170      0.612    1479.82     83.383     5.5684 0.0000e+00
      4.522     8.9708    29.8527    23.0949 3.7597e-01     0.2166      0.626    1479.85     82.996     5.5417 0.0000e+00
      4.555     8.9724    29.8792    23.1154 4.5431e-01     0.2170      0.683    1479.89     82.954     5.5378 0.0000e+00
      4.543     8.9728    29.8829    23.1183 4.5381e-01     0.2210      0.627    1479.89     83.343     5.5635 0.0000e+00
      4.501     8.9710    29.8423    23.0868 4.0446e-01     0.2197      0.623    1479.84     83.329     5.5643 0.0000e+00
      4.478     8.9701    29.8392    23.0845 4.2989e-01     0.2195      0.605    1479.83     83.052     5.5460 0.0000e+00
      4.498     8.9711    29.8530    23.0951 3.6630e-01     0.2185      0.606    1479.85     82.855     5.5323 0.0000e+00
      4.540     8.9733    29.8941    23.1270 3.9123e-01     0.2208      0.608    1479.91     83.047     5.5434 0.0000e+00
      4.554     8.9739    29.8990    23.1307 4.0090e-01     0.2183      0.629    1479.92     83.293     5.5595 0.0000e+00
      4.525     8.9733    29.8845    23.1195 3.9428e-01     0.2197      0.625    1479.90     83.249     5.5572 0.0000e+00
      4.487     8.9715    29.8552    23.0968 3.6884e-01     0.2216      0.831    1479.85     83.210     5.5559 0.0000e+00
      4.485     8.9717    29.8597    23.1003 3.8767e-01     0.2217      0.620    1479.86     83.387     5.5675 0.0000e+00
      4.520     8.9731    29.8925    23.1257 4.1056e-01     0.2176      0.608    1479.91     83.596     5.5800 0.0000e+00
      4.550     8.9739    29.8988    23.1305 8.9591e-01     0.2203      0.730    1479.92     83.277     5.5584 0.0000e+00
      4.541     8.9738    29.8972    23.1293 4.2074e-01     0.2200      0.625    1479.92     83.058     5.5439 0.0000e+00
      4.503     8.9730    29.8818    23.1174 3.6121e-01     0.2228      0.618    1479.89     83.275     5.5590 0.0000e+00
      4.484     8.9724    29.8721    23.1099 4.6602e-01     0.2254      0.619    1479.88     83.224     5.5561 0.0000e+00
      4.502     8.9733    29.8964    23.1287 3.8258e-01     0.2211      0.610    1479.91     83.352     5.5636 0.0000e+00
      4.536     8.9740    29.9018    23.1328 4.2582e-01     0.2193      0.623    1479.92     83.467     5.5710 0.0000e+00
      4.546     8.9740    29.8997    23.1312 4.5737e-01     0.2192      0.644    1479.92     83.315     5.5609 0.0000e+00
      4.521     8.9737    29.8955    23.1280 4.9094e-01     0.2235      0.622    1479.91     83.093     5.5463 0.0000e+00
      4.491     8.9735    29.8930    23.1261 4.7365e-01     0.2220      0.614    1479.91     83.213     5.5544 0.0000e+00
      4.489     8.9731    29.8842    23.1192 4.0242e-01     0.2230      0.637    1479.90     83.463     5.5715 0.0000e+00
      4.519     8.9738    29.9012    23.1325 4.1158e-01     0.2180      0.617    1479.92     83.288     5.5591 0.0000e+00
      4.544     8.9741    29.9026    23.1335 4.0649e-01     0.2198      0.605    1479.92     83.133     5.5487 0.0000e+00
      4.537     8.9742    29.9011    23.1323 4.5126e-01     0.2205      0.625    1479.92     82.961     5.5373 0.0000e+00
      4.507     8.9739    29.8967    23.1289 3.8360e-01     0.2247      0.615    1479.92     82.748     5.5232 0.0000e+00
      4.489     8.9736    29.8937    23.1266 4.1718e-01     0.2251      0.625    1479.91     83.028     5.5420 0.0000e+00
      4.504     8.9738    29.8971    23.1292 4.6652e-01     0.2216      0.609    1479.92     83.174     5.5517 0.0000e+00
      4.533     8.9741    29.9005    23.1318 4.5787e-01     0.2183      0.613    1479.92     83.026     5.5417 0.0000e+00
      4.543     8.9739    29.8980    23.1299 4.3956e-01     0.2193      0.628    1479.92     83.139     5.5493 0.0000e+00
      4.522     8.9739    29.8978    23.1297 3.5918e-01     0.2235      0.612    1479.92     83.266     5.5578 0.0000e+00
      4.497     8.9739    29.8982    23.1300 4.4872e-01     0.2241      0.866    1479.92     83.242     5.5561 0.0000e+00
      4.495     8.9740    29.8972    23.1292 4.6551e-01     0.2247      0.629    1479.92     83.179     5.5519 0.0000e+00
      4.518     8.9739    29.8937    23.1265 4.0446e-01     0.2204      0.595    1479.91     83.314     5.5611 0.0000e+00
      4.540     8.9740    29.8986    23.1303 6.3186e-01     0.2171      0.602    1479.92     83.281     5.5587 0.0000e+00
      4.536     8.9741    29.8987    23.1304 4.5737e-01     0.2230      0.611    1479.92     83.116     5.5477 0.0000e+00
      4.507     8.9737    29.8874    23.1217 3.8868e-01     0.2260      0.621    1479.90     83.174     5.5521 0.0000e+00
      4.487     8.9730    29.8769    23.1135 4.5381e-01     0.2236      0.602    1479.89     83.202     5.5544 0.0000e+00
      4.501     8.9733    29.8841    23.1191 3.7088e-01     0.2248      0.640    1479.90     82.884     5.5328 0.0000e+00
      4.539     8.9740    29.8979    23.1298 4.2989e-01     0.2181      0.605    1479.92     83.046     5.5431 0.0000e+00
      4.545     8.9743    29.8996    23.1311 4.2888e-01     0.2206      0.638    1479.92     83.326     5.5617 0.0000e+00
      4.511     8.9739    29.8871    23.1214 3.5918e-01     0.2230      0.636    1479.90     83.147     5.5502 0.0000e+00
      4.479     8.9723    29.8551    23.0967 4.5686e-01     0.2220      0.610    1479.85     83.437     5.5709 0.0000e+00
      4.486     8.9722    29.8518    23.0940 4.0140e-01     0.2208      0.613    1479.85     83.737     5.5911 0.0000e+00
      4.526     8.9728    29.8670    23.1058 4.4566e-01     0.2216      0.620    1479.87     83.615     5.5823 0.0000e+00
      4.550     8.9732    29.8781    23.1145 3.8614e-01     0.2216      0.609    1479.89     83.456     5.5712 0.0000e+00
      4.532     8.9733    29.8768    23.1134 3.9072e-01     0.2252      0.622    1479.89     83.249     5.5575 0.0000e+00
      4.494     8.9717    29.8509    23.0934 3.6681e-01     0.2254      0.614    1479.85     83.160     5.5526 0.0000e+00
      4.481     8.9705    29.8422    23.0868 3.8716e-01     0.2235      0.606    1479.83     83.258     5.5596 0.0000e+00
      4.506     8.9709    29.8444    23.0884 4.2786e-01     0.2223      0.611    1479.84     83.372     5.5672 0.0000e+00
      4.541     8.9717    29.8516    23.0940 3.9479e-01     0.2192      0.624    1479.85     83.339     5.5646 0.0000e+00
      4.545     8.9721    29.8536    23.0954 4.2175e-01     0.2206      0.621    1479.86     83.236     5.5576 0.0000e+00
      4.514     8.9713    29.8443    23.0883 3.9632e-01     0.2270      0.625    1479.84     83.207     5.5561 0.0000e+00
      4.492     8.9664    29.8105    23.0626 4.2481e-01     0.2257      0.611    1479.78     83.394     5.5704 0.0000e+00
      4.508     8.9645    29.7837    23.0419 3.5663e-01     0.2244      0.603    1479.74     83.608     5.5859 0.0000e+00
      4.539     8.9697    29.8349    23.0812 5.1129e-01     0.2233      0.617    1479.82     83.585     5.5818 0.0000e+00
      4.541     8.9706    29.8426    23.0871 3.5104e-01     0.2226      0.648    1479.84     83.561     5.5799 0.0000e+00
      4.515     8.9686    29.8165    23.0670 3.9479e-01     0.2240      0.625    1479.80     83.455     5.5740 0.0000e+00
      4.493     8.9623    29.7537    23.0188 5.4996e-01     0.2250      0.597    1479.70     83.279     5.5652 0.0000e+00
      4.498     8.9608    29.7475    23.0142 4.2786e-01     0.2249      0.601    1479.68     83.129     5.5556 0.0000e+00
      4.526     8.9638    29.7782    23.0378 4.0547e-01     0.2227      0.605    1479.73     83.215     5.5599 0.0000e+00
      4.542     8.9647    29.7868    23.0443 4.0700e-01     0.2246      0.614    1479.75     83.437     5.5743 0.0000e+00
      4.526     8.9606    29.7400    23.0084 3.7953e-01     0.2252      0.628    1479.67     83.231     5.5628 0.0000e+00
