Data/Trygve/TB20181211/TB20181211_CTD/TB_20181211_01_down.cnv
* Sea-Bird SBE 9 Data File:
* FileName = C:\CTD Brukere\OC4920\TB 20181211_01.hex
* Software Version Seasave V 7.23.2
* Temperature SN = 5352
* Conductivity SN = 3840
* Number of Bytes Per Scan = 28
* Number of Voltage Words = 4
* Number of Scans Averaged by the Deck Unit = 1
* NMEA baud rate = 4800
** Ship: R/V Trygve Braarud
** Cruise:
** Station:
** Operator:
# nquan = 11
# nvalues = 6080                                  
# units = specified
# name 0 = depSM: Depth [salt water, m], lat = 59.00
# name 1 = t090C: Temperature [ITS-90, deg C]
# name 2 = sal00: Salinity, Practical [PSU]
# name 3 = sigma-t00: Density [sigma-t, kg/m^3 ]
# name 4 = flSP: Fluorescence, Seapoint
# name 5 = wetStar: Fluorescence, WET Labs WETstar [mg/m^3]
# name 6 = seaTurbMtr: Turbidity, Seapoint [FTU]
# name 7 = svCM: Sound Velocity [Chen-Millero, m/s]
# name 8 = sbeox0PS: Oxygen, SBE 43 [% saturation]
# name 9 = sbeox0ML/L: Oxygen, SBE 43 [ml/l]
# name 10 = flag:  0.000e+00
# span 0 =      0.420,     89.958                 
# span 1 =     3.8438,    10.0583                 
# span 2 =    17.1361,    34.5097                 
# span 3 =    13.6109,    27.0329                 
# span 4 = 1.5873e-01, 1.1355e+00                 
# span 5 =     0.0136,     2.8537                 
# span 6 =      0.689,      4.128                 
# span 7 =    1443.15,    1488.86                 
# span 8 =     31.899,     91.612                 
# span 9 =     2.1762,     7.3520                 
# span 10 = 0.0000e+00, 0.0000e+00                
# interval = seconds: 0.0416667
# start_time = Dec 11 2018 09:46:41 [System UTC, first data scan.]
# bad_flag = -9.990e-29
*END*
[from data line 525]
      0.529     4.8403    20.3750    16.1154 7.5702e-01     2.1846      1.755    1451.48     90.331     7.0738  0.000e+00
      0.542     4.8386    20.3733    16.1142 7.6923e-01     2.1882      1.751    1451.47     90.331     7.0742  0.000e+00
      0.527     4.8376    20.3716    16.1129 7.8144e-01     2.1882      1.755    1451.47     90.330     7.0743  0.000e+00
      0.529     4.8367    20.3713    16.1128 7.8144e-01     2.1882      1.758    1451.46     90.328     7.0743  0.000e+00
      0.542     4.8348    20.3713    16.1129 7.9365e-01     2.1931      1.755    1451.46     90.325     7.0744  0.000e+00
      0.529     4.8329    20.3709    16.1127 8.1807e-01     2.1956      1.747    1451.45     90.320     7.0744  0.000e+00
      0.517     4.8305    20.3691    16.1115 8.3028e-01     2.1992      1.744    1451.43     90.315     7.0745  0.000e+00
      0.540     4.8288    20.3652    16.1085 7.9365e-01     2.1992      1.747    1451.42     90.309     7.0745  0.000e+00
      0.529     4.8281    20.3638    16.1075 7.6923e-01     2.1980      1.740    1451.42     90.302     7.0741  0.000e+00
      0.529     4.8271    20.3652    16.1087 7.5702e-01     2.1968      1.725    1451.41     90.293     7.0735  0.000e+00
      0.529     4.8276    20.3667    16.1098 7.8144e-01     2.1980      1.714    1451.42     90.292     7.0733  0.000e+00
      0.540     4.8284    20.3681    16.1108 8.1807e-01     2.1980      1.711    1451.42     90.282     7.0723  0.000e+00
      0.529     4.8257    20.3699    16.1124 8.4249e-01     2.1992      1.711    1451.41     90.279     7.0725  0.000e+00
      0.529     4.8232    20.3699    16.1126 8.4249e-01     2.2005      1.711    1451.40     90.276     7.0727  0.000e+00
      0.542     4.8213    20.3693    16.1123 8.3028e-01     2.2005      1.714    1451.40     90.273     7.0728  0.000e+00
      0.529     4.8205    20.3687    16.1119 7.9365e-01     2.1968      1.711    1451.39     90.268     7.0726  0.000e+00
      0.527     4.8205    20.3682    16.1115 7.6923e-01     2.1907      1.711    1451.39     90.262     7.0721  0.000e+00
      0.542     4.8227    20.3672    16.1105 7.5702e-01     2.1821      1.700    1451.40     90.256     7.0713  0.000e+00
      0.529     4.8271    20.3657    16.1091 7.5702e-01     2.1773      1.685    1451.42     90.248     7.0700  0.000e+00
      0.529     4.8345    20.3632    16.1065 7.6923e-01     2.1712      1.681    1451.44     90.239     7.0681  0.000e+00
      0.542     4.8419    20.3625    16.1054 8.1807e-01     2.1626      1.678    1451.47     90.229     7.0661  0.000e+00
      0.540     4.8467    20.3638    16.1060 8.7912e-01     2.1602      1.681    1451.50     90.228     7.0651  0.000e+00
      0.542     4.8501    20.3647    16.1065 8.6691e-01     2.1565      1.681    1451.51     90.164     7.0595  0.000e+00
      0.529     4.8505    20.3657    16.1073 8.3028e-01     2.1565      1.681    1451.51     90.155     7.0586  0.000e+00
      0.553     4.8491    20.3658    16.1075 8.0586e-01     2.1528      1.681    1451.51     90.209     7.0631  0.000e+00
      0.540     4.8487    20.3655    16.1072 7.9365e-01     2.1467      1.678    1451.51     90.208     7.0631  0.000e+00
      0.542     4.8501    20.3653    16.1070 7.9365e-01     2.1431      1.674    1451.51     90.206     7.0628  0.000e+00
      0.542     4.8524    20.3651    16.1066 7.6923e-01     2.1418      1.670    1451.52     90.204     7.0622  0.000e+00
      0.553     4.8540    20.3656    16.1069 7.4481e-01     2.1382      1.656    1451.53     90.202     7.0617  0.000e+00
      0.542     4.8540    20.3661    16.1073 7.5702e-01     2.1345      1.634    1451.53     90.137     7.0566  0.000e+00
      0.551     4.8538    20.3655    16.1069 7.9365e-01     2.1333      1.608    1451.53     90.126     7.0558  0.000e+00
      0.553     4.8537    20.3660    16.1073 8.5470e-01     2.1296      1.590    1451.53     90.116     7.0550  0.000e+00
      0.542     4.8537    20.3668    16.1079 8.9133e-01     2.1272      1.579    1451.53     90.105     7.0541  0.000e+00
      0.564     4.8538    20.3680    16.1088 8.9133e-01     2.1260      1.575    1451.53     90.094     7.0532  0.000e+00
      0.540     4.8540    20.3703    16.1106 8.5470e-01     2.1223      1.582    1451.54     90.083     7.0522  0.000e+00
      0.577     4.8554    20.3718    16.1117 8.1807e-01     2.1186      1.590    1451.54     90.073     7.0511  0.000e+00
      0.553     4.8569    20.3724    16.1121 8.1807e-01     2.1186      1.590    1451.55     90.062     7.0499  0.000e+00
      0.577     4.8575    20.3730    16.1126 7.9365e-01     2.1174      1.601    1451.55     90.051     7.0489  0.000e+00
      0.564     4.8572    20.3745    16.1138 7.8144e-01     2.1162      1.615    1451.56     90.040     7.0481  0.000e+00
      0.564     4.8570    20.3762    16.1151 7.6923e-01     2.1150      1.619    1451.56     90.038     7.0479  0.000e+00
      0.564     4.8567    20.3776    16.1163 7.4481e-01     2.1138      1.615    1451.56     89.974     7.0428  0.000e+00
      0.577     4.8567    20.3792    16.1175 7.0818e-01     2.1138      1.612    1451.56     89.956     7.0414  0.000e+00
      0.577     4.8567    20.3805    16.1185 7.3260e-01     2.1162      1.612    1451.56     89.947     7.0406  0.000e+00
      0.589     4.8570    20.3815    16.1193 7.8144e-01     2.1138      1.615    1451.56     89.930     7.0392  0.000e+00
      0.576     4.8577    20.3834    16.1208 7.6923e-01     2.1113      1.619    1451.57     89.914     7.0377  0.000e+00
      0.577     4.8594    20.3855    16.1223 7.4481e-01     2.1125      1.626    1451.58     89.897     7.0360  0.000e+00
      0.577     4.8602    20.3874    16.1237 7.3260e-01     2.1125      1.634    1451.58     89.881     7.0345  0.000e+00
      0.589     4.8610    20.3868    16.1231 7.2039e-01     2.1101      1.637    1451.59     89.866     7.0332  0.000e+00
      0.589     4.8618    20.3855    16.1221 7.3260e-01     2.1101      1.634    1451.59     89.796     7.0277  0.000e+00
      0.600     4.8622    20.3852    16.1218 7.8144e-01     2.1101      1.630    1451.59     89.783     7.0265  0.000e+00
      0.589     4.8626    20.3856    16.1221 7.9365e-01     2.1101      1.641    1451.59     89.770     7.0254  0.000e+00
      0.600     4.8624    20.3863    16.1226 7.9365e-01     2.1089      1.659    1451.59     89.758     7.0245  0.000e+00
      0.589     4.8622    20.3871    16.1233 7.9365e-01     2.1089      1.656    1451.59     89.747     7.0237  0.000e+00
      0.600     4.8619    20.3874    16.1236 7.9365e-01     2.1077      1.645    1451.59     89.738     7.0230  0.000e+00
      0.600     4.8616    20.3884    16.1244 7.9365e-01     2.1077      1.641    1451.59     89.729     7.0223  0.000e+00
      0.613     4.8616    20.3894    16.1252 7.9365e-01     2.1089      1.645    1451.59     89.722     7.0217  0.000e+00
      0.600     4.8616    20.3912    16.1266 8.1807e-01     2.1125      1.648    1451.60     89.715     7.0211  0.000e+00
      0.613     4.8621    20.3928    16.1278 8.1807e-01     2.1138      1.645    1451.60     89.710     7.0205  0.000e+00
      0.600     4.8621    20.3940    16.1288 8.0586e-01     2.1150      1.641    1451.60     89.705     7.0201  0.000e+00
      0.600     4.8624    20.3949    16.1295 8.1807e-01     2.1150      1.637    1451.60     89.702     7.0197  0.000e+00
      0.613     4.8624    20.3957    16.1301 7.9365e-01     2.1138      1.634    1451.60     89.637     7.0146  0.000e+00
      0.613     4.8626    20.3955    16.1299 7.6923e-01     2.1125      1.645    1451.61     89.690     7.0187  0.000e+00
      0.600     4.8630    20.3947    16.1293 7.8144e-01     2.1174      1.648    1451.61     89.627     7.0138  0.000e+00
      0.611     4.8642    20.3942    16.1288 7.9365e-01     2.1223      1.648    1451.61     89.620     7.0130  0.000e+00
      0.613     4.8646    20.3943    16.1288 7.6923e-01     2.1248      1.663    1451.61     89.614     7.0125  0.000e+00
      0.613     4.8649    20.3944    16.1289 7.6923e-01     2.1248      1.685    1451.61     89.610     7.0122  0.000e+00
      0.600     4.8644    20.3947    16.1291 7.8144e-01     2.1260      1.692    1451.61     89.607     7.0120  0.000e+00
      0.613     4.8642    20.3951    16.1295 7.6923e-01     2.1296      1.703    1451.61     89.606     7.0119  0.000e+00
      0.611     4.8646    20.3947    16.1291 8.0586e-01     2.1345      1.711    1451.61     89.606     7.0119  0.000e+00
      0.600     4.8655    20.3942    16.1287 8.0586e-01     2.1382      1.703    1451.62     89.607     7.0118  0.000e+00
      0.613     4.8662    20.3937    16.1282 7.8144e-01     2.1431      1.692    1451.62     89.610     7.0119  0.000e+00
      0.600     4.8660    20.3929    16.1276 7.5702e-01     2.1443      1.692    1451.62     89.605     7.0117  0.000e+00
      0.587     4.8648    20.3919    16.1269 7.4481e-01     2.1467      1.707    1451.61     89.602     7.0117  0.000e+00
      0.600     4.8629    20.3917    16.1269 7.3260e-01     2.1455      1.722    1451.60     89.546     7.0076  0.000e+00
      0.589     4.8621    20.3916    16.1269 7.4481e-01     2.1443      1.755    1451.60     89.546     7.0077  0.000e+00
      0.589     4.8619    20.3926    16.1277 7.5702e-01     2.1431      1.788    1451.60     89.610     7.0127  0.000e+00
      0.589     4.8622    20.3947    16.1293 7.8144e-01     2.1406      1.802    1451.60     89.558     7.0085  0.000e+00
      0.587     4.8624    20.3952    16.1297 7.8144e-01     2.1382      1.795    1451.60     89.563     7.0088  0.000e+00
      0.589     4.8626    20.3937    16.1285 7.8144e-01     2.1382      1.766    1451.60     89.560     7.0087  0.000e+00
      0.577     4.8616    20.3932    16.1282 7.8144e-01     2.1357      1.747    1451.60     89.559     7.0088  0.000e+00
      0.577     4.8607    20.3928    16.1279 8.0586e-01     2.1333      1.736    1451.59     89.560     7.0090  0.000e+00
      0.577     4.8600    20.3917    16.1271 8.3028e-01     2.1321      1.733    1451.59     89.561     7.0093  0.000e+00
      0.564     4.8595    20.3904    16.1261 8.5470e-01     2.1296      1.736    1451.59     89.565     7.0097  0.000e+00
      0.564     4.8592    20.3889    16.1250 8.6691e-01     2.1296      1.744    1451.58     89.569     7.0102  0.000e+00
      0.564     4.8594    20.3873    16.1237 8.1807e-01     2.1296      1.740    1451.58     89.575     7.0107  0.000e+00
      0.577     4.8596    20.3865    16.1231 7.8144e-01     2.1309      1.744    1451.58     89.582     7.0112  0.000e+00
      0.553     4.8598    20.3863    16.1229 7.5702e-01     2.1272      1.747    1451.58     89.591     7.0119  0.000e+00
      0.564     4.8605    20.3859    16.1225 7.8144e-01     2.1248      1.747    1451.58     89.601     7.0125  0.000e+00
      0.564     4.8611    20.3853    16.1220 7.8144e-01     2.1248      1.744    1451.59     89.612     7.0133  0.000e+00
      0.542     4.8610    20.3854    16.1221 7.8144e-01     2.1235      1.736    1451.58     89.616     7.0137  0.000e+00
      0.564     4.8613    20.3838    16.1208 7.8144e-01     2.1235      1.725    1451.58     89.621     7.0141  0.000e+00
      0.540     4.8619    20.3817    16.1191 7.8144e-01     2.1248      1.729    1451.58     89.564     7.0097  0.000e+00
      0.553     4.8624    20.3796    16.1174 8.3028e-01     2.1248      1.747    1451.58     89.626     7.0145  0.000e+00
      0.553     4.8624    20.3791    16.1170 8.4249e-01     2.1235      1.758    1451.58     89.698     7.0201  0.000e+00
      0.553     4.8627    20.3793    16.1171 8.7912e-01     2.1235      1.740    1451.58     89.715     7.0214  0.000e+00
      0.553     4.8635    20.3792    16.1170 8.7912e-01     2.1223      1.725    1451.59     89.733     7.0227  0.000e+00
      0.540     4.8632    20.3787    16.1166 8.4249e-01     2.1248      1.729    1451.59     89.752     7.0243  0.000e+00
      0.553     4.8629    20.3773    16.1155 8.0586e-01     2.1248      1.733    1451.58     89.701     7.0204  0.000e+00
      0.542     4.8632    20.3762    16.1146 7.6923e-01     2.1235      1.729    1451.58     89.704     7.0206  0.000e+00
      0.553     4.8627    20.3767    16.1151 7.5702e-01     2.1223      1.722    1451.58     89.708     7.0210  0.000e+00
      0.504     4.8627    20.3757    16.1142 7.6923e-01     2.1223      1.703    1451.58     89.775     7.0263  0.000e+00
      0.589     4.8630    20.3738    16.1128 7.8144e-01     2.1248      1.681    1451.58     89.790     7.0275  0.000e+00
      0.553     4.8642    20.3722    16.1114 7.8144e-01     2.1248      1.670    1451.58     89.803     7.0284  0.000e+00
      0.542     4.8646    20.3717    16.1109 7.9365e-01     2.1223      1.681    1451.58     89.817     7.0294  0.000e+00
      0.542     4.8644    20.3705    16.1100 7.9365e-01     2.1199      1.696    1451.58     89.831     7.0306  0.000e+00
      0.551     4.8626    20.3687    16.1087 7.9365e-01     2.1199      1.696    1451.57     89.846     7.0322  0.000e+00
      0.553     4.8616    20.3666    16.1071 7.8144e-01     2.1235      1.681    1451.56     89.799     7.0288  0.000e+00
      0.542     4.8613    20.3652    16.1061 7.6923e-01     2.1284      1.656    1451.56     89.869     7.0344  0.000e+00
      0.553     4.8604    20.3647    16.1057 7.5702e-01     2.1309      1.641    1451.56     89.886     7.0359  0.000e+00
      0.542     4.8579    20.3641    16.1055 7.4481e-01     2.1345      1.637    1451.54     89.894     7.0370  0.000e+00
      0.540     4.8569    20.3623    16.1041 7.4481e-01     2.1345      1.637    1451.54     89.848     7.0337  0.000e+00
      0.553     4.8570    20.3617    16.1036 7.3260e-01     2.1357      1.641    1451.54     89.911     7.0386  0.000e+00
      0.542     4.8578    20.3623    16.1040 7.3260e-01     2.1406      1.652    1451.54     89.920     7.0391  0.000e+00
      0.553     4.8587    20.3634    16.1049 7.5702e-01     2.1394      1.648    1451.55     89.865     7.0346  0.000e+00
      0.540     4.8591    20.3645    16.1057 8.0586e-01     2.1370      1.637    1451.55     89.866     7.0346  0.000e+00
      0.553     4.8601    20.3651    16.1061 8.1807e-01     2.1309      1.637    1451.56     89.867     7.0344  0.000e+00
      0.553     4.8613    20.3656    16.1064 7.8144e-01     2.1272      1.656    1451.56     89.931     7.0392  0.000e+00
      0.553     4.8622    20.3661    16.1067 7.9365e-01     2.1186      1.659    1451.57     89.878     7.0349  0.000e+00
      0.553     4.8622    20.3666    16.1071 8.3028e-01     2.1150      1.652    1451.57     89.942     7.0399  0.000e+00
      0.551     4.8624    20.3673    16.1076 8.3028e-01     2.1101      1.641    1451.57     89.952     7.0406  0.000e+00
      0.553     4.8629    20.3682    16.1084 8.1807e-01     2.1052      1.645    1451.57     89.899     7.0363  0.000e+00
      0.564     4.8637    20.3701    16.1098 7.9365e-01     2.1016      1.656    1451.58     89.964     7.0412  0.000e+00
      0.553     4.8646    20.3726    16.1117 7.9365e-01     2.0991      1.663    1451.58     89.903     7.0361  0.000e+00
      0.553     4.8650    20.3747    16.1133 8.1807e-01     2.0979      1.670    1451.59     89.959     7.0403  0.000e+00
      0.564     4.8654    20.3764    16.1146 8.5470e-01     2.0991      1.674    1451.59     89.906     7.0361  0.000e+00
      0.564     4.8658    20.3778    16.1157 8.7912e-01     2.1003      1.670    1451.60     89.962     7.0403  0.000e+00
      0.553     4.8660    20.3790    16.1166 8.7912e-01     2.1003      1.659    1451.60     89.963     7.0403  0.000e+00
      0.577     4.8658    20.3811    16.1183 8.6691e-01     2.1003      1.656    1451.60     89.902     7.0354  0.000e+00
      0.564     4.8662    20.3831    16.1198 8.3028e-01     2.1040      1.667    1451.60     89.895     7.0347  0.000e+00
      0.577     4.8663    20.3849    16.1213 8.0586e-01     2.1028      1.681    1451.61     89.887     7.0340  0.000e+00
