Data/Trygve/TB20181211/TB20181211_CTD/TB_20181211_06_down.cnv
* Sea-Bird SBE 9 Data File:
* FileName = C:\CTD Brukere\OC4920\TB 20181211_06.hex
* Software Version Seasave V 7.23.2
* Temperature SN = 5352
* Conductivity SN = 3840
* Number of Bytes Per Scan = 28
* Number of Voltage Words = 4
* Number of Scans Averaged by the Deck Unit = 1
* NMEA baud rate = 4800
** Ship: R/V Trygve Braarud
** Cruise:
** Station:
** Operator:
# nquan = 11
# nvalues = 36                          
# units = specified
# name 0 = depSM: Depth [salt water, m], lat = 59.00
# name 1 = t090C: Temperature [ITS-90, deg C]
# name 2 = sal00: Salinity, Practical [PSU]
# name 3 = sigma-t00: Density [sigma-t, kg/m^3 ]
# name 4 = flSP: Fluorescence, Seapoint
# name 5 = wetStar: Fluorescence, WET Labs WETstar [mg/m^3]
# name 6 = seaTurbMtr: Turbidity, Seapoint [FTU]
# name 7 = svCM: Sound Velocity [Chen-Millero, m/s]
# name 8 = sbeox0PS: Oxygen, SBE 43 [% saturation]
# name 9 = sbeox0ML/L: Oxygen, SBE 43 [ml/l]
# name 10 = flag: flag
# span 0 =      1.000,     36.000       
# span 1 =     6.5094,    10.2412       
# span 2 =    25.6908,    34.2922       
# span 3 =    20.1515,    26.4275       
# span 4 = 1.6145e-01, 5.9572e-01       
# span 5 =     0.0156,     0.7011       
# span 6 =      0.625,      1.637       
# span 7 =    1465.09,    1489.33       
# span 8 =     74.617,     90.042       
# span 9 =     4.7487,     6.3981       
# span 10 = 0.0000e+00, 0.0000e+00      
# interval = meters: 1                  
# start_time = Dec 11 2018 11:01:25 [System UTC, first data scan.]
# bad_flag = -9.990e-29
*END*
      1.000     6.5094    25.6908    20.1515 5.9572e-01     0.7011      0.965    1465.09     88.049     6.3927 0.0000e+00
      2.000     6.9589    26.8126    20.9818 5.3663e-01     0.4002      0.779    1468.30     89.718     6.3981 0.0000e+00
      3.000     7.3697    27.8001    21.7073 5.2570e-01     0.2986      0.670    1471.17     90.042     6.3191 0.0000e+00
      4.000     7.7219    28.1835    21.9626 4.6296e-01     0.2698      0.648    1473.03     89.927     6.2444 0.0000e+00
      5.000     8.3146    28.9642    22.4943 4.0754e-01     0.2310      0.625    1476.29     89.118     6.0742 0.0000e+00
      6.000     8.5378    29.6591    23.0068 3.0886e-01     0.1491      0.650    1478.01     88.580     5.9800 0.0000e+00
      7.000     9.0008    30.7981    23.8290 2.7088e-01     0.1252      0.691    1481.16     86.532     5.7397 0.0000e+00
      8.000     9.3728    31.5158    24.3331 2.2146e-01     0.0927      0.706    1483.43     83.820     5.4878 0.0000e+00
      9.000     9.6131    31.9363    24.6233 1.9887e-01     0.0817      0.713    1484.84     83.751     5.4397 0.0000e+00
     10.000     9.6277    31.9269    24.6137 1.9554e-01     0.0791      0.737    1484.90     80.880     5.2518 0.0000e+00
     11.000     9.9794    32.5680    25.0567 1.8446e-01     0.0676      0.739    1486.98     79.809     5.1213 0.0000e+00
     12.000    10.0416    32.7731    25.2065 1.7918e-01     0.0616      0.736    1487.47     79.448     5.0845 0.0000e+00
     13.000    10.1766    33.1627    25.4878 1.7350e-01     0.0531      0.714    1488.45     77.747     4.9487 0.0000e+00
     14.000    10.2391    33.4232    25.6804 1.7515e-01     0.0486      0.730    1489.00     76.559     4.8584 0.0000e+00
     15.000    10.2412    33.5513    25.7799 1.7159e-01     0.0427      0.725    1489.18     76.226     4.8331 0.0000e+00
     16.000    10.2223    33.6585    25.8668 1.6919e-01     0.0402      0.716    1489.26     75.307     4.7734 0.0000e+00
     17.000    10.2027    33.6875    25.8928 1.7011e-01     0.0378      0.729    1489.24     74.898     4.7487 0.0000e+00
     18.000    10.1756    33.8034    25.9878 1.6997e-01     0.0348      0.722    1489.30     75.008     4.7549 0.0000e+00
     19.000    10.1581    33.8647    26.0386 1.6726e-01     0.0342      0.737    1489.33     75.730     4.8006 0.0000e+00
     20.000    10.1334    33.9185    26.0848 1.6656e-01     0.0337      0.761    1489.33     75.504     4.7872 0.0000e+00
     21.000    10.1097    33.9657    26.1257 1.6547e-01     0.0313      0.739    1489.32     75.438     4.7840 0.0000e+00
     22.000    10.0776    34.0206    26.1740 1.6626e-01     0.0298      0.748    1489.28     75.495     4.7893 0.0000e+00
     23.000    10.0592    34.0476    26.1982 1.7016e-01     0.0287      0.766    1489.27     74.988     4.7582 0.0000e+00
     24.000    10.0387    34.0749    26.2230 1.6487e-01     0.0270      0.746    1489.24     75.187     4.7721 0.0000e+00
     25.000    10.0243    34.0843    26.2328 1.6145e-01     0.0222      0.760    1489.22     75.792     4.8117 0.0000e+00
     26.000     9.9865    34.1138    26.2622 1.6667e-01     0.0196      0.778    1489.13     75.639     4.8050 0.0000e+00
     27.000     9.9660    34.1269    26.2760 1.6544e-01     0.0167      0.747    1489.09     76.226     4.8441 0.0000e+00
     28.000     9.9528    34.1450    26.2923 1.6586e-01     0.0206      0.750    1489.08     76.669     4.8731 0.0000e+00
     29.000     9.9442    34.1570    26.3031 1.6424e-01     0.0229      0.758    1489.09     77.215     4.9083 0.0000e+00
     30.000     9.9401    34.1733    26.3166 1.6704e-01     0.0242      0.781    1489.11     77.218     4.9084 0.0000e+00
     31.000     9.9337    34.1857    26.3273 1.6728e-01     0.0234      0.775    1489.12     77.104     4.9015 0.0000e+00
     32.000     9.9213    34.1966    26.3379 1.6629e-01     0.0205      0.790    1489.10     76.384     4.8567 0.0000e+00
     33.000     9.9115    34.2100    26.3500 1.6315e-01     0.0156      0.772    1489.10     76.466     4.8625 0.0000e+00
     34.000     9.8892    34.2262    26.3664 1.6713e-01     0.0225      0.894    1489.05     76.864     4.8897 0.0000e+00
     35.000     9.8708    34.2457    26.3847 1.7727e-01     0.0347      1.366    1489.03     77.318     4.9199 0.0000e+00
     36.000     9.8325    34.2922    26.4275 1.8712e-01     0.0355      1.637    1488.96     74.617     4.7506 0.0000e+00
