Data/Trygve/TB20181211/TB20181211_CTD/TB_20181211_01_down.cnv
* Sea-Bird SBE 9 Data File:
* FileName = C:\CTD Brukere\OC4920\TB 20181211_01.hex
* Software Version Seasave V 7.23.2
* Temperature SN = 5352
* Conductivity SN = 3840
* Number of Bytes Per Scan = 28
* Number of Voltage Words = 4
* Number of Scans Averaged by the Deck Unit = 1
* NMEA baud rate = 4800
** Ship: R/V Trygve Braarud
** Cruise:
** Station:
** Operator:
# nquan = 11
# nvalues = 6080                                  
# units = specified
# name 0 = depSM: Depth [salt water, m], lat = 59.00
# name 1 = t090C: Temperature [ITS-90, deg C]
# name 2 = sal00: Salinity, Practical [PSU]
# name 3 = sigma-t00: Density [sigma-t, kg/m^3 ]
# name 4 = flSP: Fluorescence, Seapoint
# name 5 = wetStar: Fluorescence, WET Labs WETstar [mg/m^3]
# name 6 = seaTurbMtr: Turbidity, Seapoint [FTU]
# name 7 = svCM: Sound Velocity [Chen-Millero, m/s]
# name 8 = sbeox0PS: Oxygen, SBE 43 [% saturation]
# name 9 = sbeox0ML/L: Oxygen, SBE 43 [ml/l]
# name 10 = flag:  0.000e+00
# span 0 =      0.420,     89.958                 
# span 1 =     3.8438,    10.0583                 
# span 2 =    17.1361,    34.5097                 
# span 3 =    13.6109,    27.0329                 
# span 4 = 1.5873e-01, 1.1355e+00                 
# span 5 =     0.0136,     2.8537                 
# span 6 =      0.689,      4.128                 
# span 7 =    1443.15,    1488.86                 
# span 8 =     31.899,     91.612                 
# span 9 =     2.1762,     7.3520                 
# span 10 = 0.0000e+00, 0.0000e+00                
# interval = seconds: 0.0416667
# start_time = Dec 11 2018 09:46:41 [System UTC, first data scan.]
# bad_flag = -9.990e-29
*END*
[from data line 5509]
     83.294     6.8185    34.4287    26.9936 1.9536e-01     0.1980      0.707    1478.62     35.824     2.4378  0.000e+00
     83.307     6.8188    34.4297    26.9944 1.8315e-01     0.1968      0.703    1478.62     35.824     2.4377  0.000e+00
     83.318     6.8189    34.4310    26.9954 1.8315e-01     0.1956      0.707    1478.62     35.825     2.4377  0.000e+00
     83.354     6.8196    34.4364    26.9995 1.8315e-01     0.1943      0.711    1478.63     35.827     2.4377  0.000e+00
     83.366     6.8202    34.4383    27.0009 1.8315e-01     0.1956      0.718    1478.64     35.829     2.4378  0.000e+00
     83.379     6.8213    34.4378    27.0004 1.9536e-01     0.1956      0.725    1478.64     35.770     2.4338  0.000e+00
     83.415     6.8217    34.4384    27.0008 1.8315e-01     0.2005      0.729    1478.64     35.830     2.4378  0.000e+00
     83.426     6.8223    34.4378    27.0002 1.8315e-01     0.2005      0.729    1478.65     35.836     2.4382  0.000e+00
     83.450     6.8218    34.4379    27.0004 1.9536e-01     0.1980      0.729    1478.64     35.772     2.4339  0.000e+00
     83.463     6.8212    34.4379    27.0005 1.8315e-01     0.1980      0.729    1478.64     35.772     2.4339  0.000e+00
     83.499     6.8199    34.4377    27.0005 1.8315e-01     0.1968      0.733    1478.64     35.766     2.4335  0.000e+00
     83.499     6.8189    34.4377    27.0007 1.8315e-01     0.1956      0.744    1478.63     35.768     2.4338  0.000e+00
     83.537     6.8180    34.4380    27.0010 1.8315e-01     0.1980      0.747    1478.63     35.764     2.4335  0.000e+00
     83.560     6.8182    34.4381    27.0011 1.8315e-01     0.1968      0.736    1478.63     35.760     2.4333  0.000e+00
     83.584     6.8182    34.4385    27.0014 1.8315e-01     0.1980      0.729    1478.63     35.758     2.4331  0.000e+00
     83.595     6.8185    34.4381    27.0010 1.8315e-01     0.2005      0.725    1478.63     35.756     2.4330  0.000e+00
     83.620     6.8186    34.4386    27.0014 1.8315e-01     0.1992      0.722    1478.64     35.756     2.4329  0.000e+00
     83.644     6.8185    34.4380    27.0009 1.8315e-01     0.1968      0.714    1478.64     35.756     2.4330  0.000e+00
     83.680     6.8188    34.4372    27.0003 1.8315e-01     0.1956      0.711    1478.64     35.758     2.4331  0.000e+00
     83.693     6.8183    34.4377    27.0007 1.8315e-01     0.1980      0.711    1478.63     35.760     2.4332  0.000e+00
     83.718     6.8185    34.4373    27.0004 1.8315e-01     0.1992      0.711    1478.64     35.771     2.4340  0.000e+00
     83.742     6.8183    34.4374    27.0005 1.8315e-01     0.2005      0.711    1478.64     35.776     2.4343  0.000e+00
     83.754     6.8185    34.4366    26.9999 1.8315e-01     0.2017      0.711    1478.64     35.781     2.4347  0.000e+00
     83.789     6.8185    34.4370    27.0002 1.9536e-01     0.2029      0.714    1478.64     35.788     2.4352  0.000e+00
     83.789     6.8183    34.4371    27.0003 1.9536e-01     0.2005      0.722    1478.64     35.795     2.4357  0.000e+00
     83.825     6.8178    34.4373    27.0004 1.9536e-01     0.1968      0.740    1478.63     35.804     2.4363  0.000e+00
     83.863     6.8177    34.4370    27.0002 1.8315e-01     0.1980      0.744    1478.63     35.805     2.4364  0.000e+00
     83.863     6.8177    34.4372    27.0004 1.8315e-01     0.1992      0.755    1478.63     35.815     2.4371  0.000e+00
     83.899     6.8175    34.4369    27.0002 1.8315e-01     0.1992      0.996    1478.63     35.819     2.4373  0.000e+00
     83.923     6.8172    34.4365    26.9999 1.8315e-01     0.2029      1.469    1478.63     35.760     2.4333  0.000e+00
     83.923     6.8166    34.4364    26.9999 1.8315e-01     0.2005      1.678    1478.63     35.819     2.4374  0.000e+00
     83.959     6.8158    34.4370    27.0005 1.8315e-01     0.2005      1.502    1478.63     35.824     2.4378  0.000e+00
     83.983     6.8151    34.4369    27.0005 1.8315e-01     0.1992      1.253    1478.63     35.768     2.4340  0.000e+00
     84.008     6.8123    34.4375    27.0014 1.8315e-01     0.1968      1.070    1478.62     35.830     2.4383  0.000e+00
     84.019     6.8094    34.4381    27.0022 1.8315e-01     0.1992      0.985    1478.61     35.837     2.4390  0.000e+00
     84.055     6.8073    34.4377    27.0022 1.8315e-01     0.2005      0.945    1478.60     35.846     2.4397  0.000e+00
     84.068     6.8053    34.4379    27.0026 1.8315e-01     0.2017      0.894    1478.59     35.854     2.4404  0.000e+00
     84.104     6.8039    34.4378    27.0028 1.8315e-01     0.2017      0.839    1478.59     35.801     2.4369  0.000e+00
     84.104     6.8026    34.4393    27.0041 1.8315e-01     0.1968      0.795    1478.58     35.867     2.4414  0.000e+00
     84.140     6.8027    34.4402    27.0048 1.8315e-01     0.1968      0.769    1478.58     35.878     2.4421  0.000e+00
     84.164     6.8036    34.4406    27.0050 1.8315e-01     0.1968      0.762    1478.59     35.889     2.4428  0.000e+00
     84.176     6.8056    34.4402    27.0044 1.8315e-01     0.1980      0.762    1478.60     35.894     2.4430  0.000e+00
     84.190     6.8078    34.4391    27.0033 1.8315e-01     0.1968      0.751    1478.60     35.898     2.4432  0.000e+00
     84.238     6.8086    34.4380    27.0023 1.8315e-01     0.1980      0.744    1478.61     35.841     2.4393  0.000e+00
     84.249     6.8077    34.4361    27.0009 1.8315e-01     0.1968      0.744    1478.60     35.901     2.4435  0.000e+00
     84.273     6.8064    34.4350    27.0002 1.8315e-01     0.1968      0.744    1478.59     35.844     2.4397  0.000e+00
     84.298     6.8042    34.4346    27.0002 1.8315e-01     0.1980      0.736    1478.59     35.906     2.4440  0.000e+00
     84.298     6.8008    34.4353    27.0012 1.8315e-01     0.1968      0.733    1478.57     35.913     2.4447  0.000e+00
     84.347     6.7977    34.4359    27.0021 1.8315e-01     0.1968      0.740    1478.56     35.920     2.4453  0.000e+00
     84.345     6.7947    34.4374    27.0037 1.8315e-01     0.1980      0.744    1478.55     35.928     2.4460  0.000e+00
     84.358     6.7924    34.4389    27.0052 1.8315e-01     0.1980      0.744    1478.55     35.936     2.4467  0.000e+00
     84.405     6.7913    34.4394    27.0057 1.8315e-01     0.1992      0.740    1478.54     35.944     2.4473  0.000e+00
     84.394     6.7911    34.4392    27.0056 1.8315e-01     0.1968      0.740    1478.54     35.890     2.4436  0.000e+00
     84.432     6.7902    34.4392    27.0058 1.8315e-01     0.1956      0.740    1478.54     35.891     2.4437  0.000e+00
     84.443     6.7902    34.4390    27.0055 1.7094e-01     0.1980      0.740    1478.54     35.948     2.4476  0.000e+00
     84.454     6.7903    34.4399    27.0063 1.8315e-01     0.1968      0.740    1478.54     35.958     2.4482  0.000e+00
     84.490     6.7907    34.4401    27.0063 1.8315e-01     0.1968      0.740    1478.54     35.968     2.4489  0.000e+00
     84.490     6.7910    34.4399    27.0062 1.9536e-01     0.1980      0.740    1478.54     35.970     2.4490  0.000e+00
     84.516     6.7923    34.4396    27.0058 1.8315e-01     0.1968      0.740    1478.55     35.910     2.4449  0.000e+00
     84.539     6.7938    34.4396    27.0056 1.8315e-01     0.1943      0.733    1478.56     35.905     2.4444  0.000e+00
     84.564     6.7956    34.4391    27.0049 1.8315e-01     0.1956      0.733    1478.56     35.900     2.4440  0.000e+00
     84.552     6.7967    34.4383    27.0042 1.8315e-01     0.1943      0.740    1478.57     35.895     2.4437  0.000e+00
     84.552     6.7961    34.4383    27.0042 1.8315e-01     0.1968      0.755    1478.56     35.891     2.4434  0.000e+00
     84.867     6.7954    34.4384    27.0044 1.8315e-01     0.1980      0.773    1478.57     35.889     2.4433  0.000e+00
     84.405     6.7951    34.4381    27.0042 1.8315e-01     0.1992      0.769    1478.56     35.883     2.4429  0.000e+00
     84.588     6.7942    34.4387    27.0048 1.8315e-01     0.2005      0.758    1478.56     35.881     2.4428  0.000e+00
     84.684     6.7937    34.4389    27.0050 1.8315e-01     0.2029      0.744    1478.56     35.878     2.4427  0.000e+00
     84.648     6.7934    34.4399    27.0059 1.8315e-01     0.2005      0.729    1478.56     35.875     2.4425  0.000e+00
     84.697     6.7937    34.4396    27.0055 1.8315e-01     0.1992      0.722    1478.56     35.873     2.4423  0.000e+00
     84.709     6.7934    34.4398    27.0058 1.8315e-01     0.1968      0.725    1478.56     35.872     2.4422  0.000e+00
     84.733     6.7942    34.4392    27.0052 1.8315e-01     0.1980      0.722    1478.56     35.870     2.4421  0.000e+00
     84.745     6.7951    34.4389    27.0048 1.8315e-01     0.1992      0.718    1478.56     35.869     2.4419  0.000e+00
     84.746     6.7958    34.4386    27.0045 1.8315e-01     0.2005      0.714    1478.57     35.868     2.4418  0.000e+00
     84.769     6.7961    34.4382    27.0041 1.8315e-01     0.2017      0.722    1478.57     35.805     2.4375  0.000e+00
     84.782     6.7958    34.4384    27.0043 1.9536e-01     0.2029      0.729    1478.57     35.859     2.4413  0.000e+00
     84.793     6.7954    34.4387    27.0047 1.9536e-01     0.2029      0.714    1478.57     35.860     2.4413  0.000e+00
     84.805     6.7950    34.4395    27.0053 1.9536e-01     0.2029      0.714    1478.56     35.861     2.4414  0.000e+00
     84.818     6.7951    34.4394    27.0052 1.8315e-01     0.2053      0.707    1478.57     35.862     2.4414  0.000e+00
     84.829     6.7958    34.4392    27.0050 1.9536e-01     0.2041      0.700    1478.57     35.855     2.4410  0.000e+00
     84.854     6.7953    34.4397    27.0054 1.8315e-01     0.2005      0.696    1478.57     35.856     2.4411  0.000e+00
     84.878     6.7954    34.4396    27.0054 1.8315e-01     0.1992      0.692    1478.57     35.858     2.4412  0.000e+00
     84.878     6.7955    34.4395    27.0052 1.9536e-01     0.2005      0.696    1478.57     35.789     2.4365  0.000e+00
     84.890     6.7958    34.4398    27.0055 1.8315e-01     0.2005      0.692    1478.57     35.846     2.4404  0.000e+00
     84.903     6.7966    34.4403    27.0057 1.9536e-01     0.2005      0.689    1478.57     35.849     2.4405  0.000e+00
     84.927     6.7974    34.4398    27.0053 1.8315e-01     0.2005      0.689    1478.58     35.852     2.4407  0.000e+00
     84.938     6.7980    34.4396    27.0050 1.8315e-01     0.2005      0.689    1478.58     35.855     2.4408  0.000e+00
     84.950     6.7989    34.4389    27.0043 1.8315e-01     0.1992      0.692    1478.58     35.851     2.4405  0.000e+00
     84.963     6.7994    34.4390    27.0043 1.8315e-01     0.1992      0.689    1478.58     35.854     2.4407  0.000e+00
     84.987     6.8000    34.4386    27.0040 1.8315e-01     0.2017      0.692    1478.59     35.796     2.4367  0.000e+00
     84.987     6.7997    34.4382    27.0037 1.8315e-01     0.2029      0.703    1478.58     35.855     2.4408  0.000e+00
     85.023     6.7996    34.4377    27.0033 1.8315e-01     0.2053      0.711    1478.58     35.798     2.4369  0.000e+00
     85.012     6.7981    34.4375    27.0033 1.8315e-01     0.2066      0.725    1478.58     35.795     2.4368  0.000e+00
     85.059     6.7958    34.4385    27.0044 1.8315e-01     0.2029      0.729    1478.57     35.786     2.4363  0.000e+00
     85.048     6.7947    34.4394    27.0053 1.9536e-01     0.2017      0.725    1478.57     35.785     2.4362  0.000e+00
     85.072     6.7937    34.4403    27.0061 1.8315e-01     0.2005      0.722    1478.57     35.776     2.4357  0.000e+00
     85.084     6.7940    34.4408    27.0065 1.9536e-01     0.2005      0.718    1478.57     35.838     2.4399  0.000e+00
     85.108     6.7964    34.4392    27.0049 1.9536e-01     0.2005      0.714    1478.57     35.784     2.4361  0.000e+00
     85.144     6.7977    34.4385    27.0042 1.8315e-01     0.2017      0.707    1478.58     35.784     2.4360  0.000e+00
     85.132     6.7985    34.4379    27.0036 1.8315e-01     0.2017      0.700    1478.58     35.786     2.4361  0.000e+00
     85.168     6.7986    34.4372    27.0030 1.8315e-01     0.2005      0.703    1478.58     35.788     2.4362  0.000e+00
     85.168     6.7977    34.4380    27.0038 1.9536e-01     0.2017      0.714    1478.58     35.790     2.4365  0.000e+00
     85.204     6.7977    34.4378    27.0036 1.9536e-01     0.1992      0.725    1478.58     35.786     2.4361  0.000e+00
     85.217     6.7976    34.4354    27.0018 1.9536e-01     0.2017      0.729    1478.58     35.781     2.4359  0.000e+00
     85.242     6.7943    34.4334    27.0006 1.9536e-01     0.2053      0.729    1478.56     35.785     2.4364  0.000e+00
     85.253     6.7896    34.4331    27.0010 1.9536e-01     0.2078      0.722    1478.54     35.790     2.4370  0.000e+00
     85.266     6.7853    34.4346    27.0028 1.9536e-01     0.2053      0.714    1478.53     35.795     2.4376  0.000e+00
     85.278     6.7817    34.4361    27.0045 1.9536e-01     0.2066      0.718    1478.52     35.802     2.4382  0.000e+00
     85.302     6.7783    34.4373    27.0058 1.8315e-01     0.2078      0.722    1478.51     35.800     2.4382  0.000e+00
     85.326     6.7754    34.4385    27.0071 1.8315e-01     0.2053      0.725    1478.50     35.799     2.4383  0.000e+00
     85.349     6.7737    34.4401    27.0086 1.8315e-01     0.2029      0.736    1478.49     35.798     2.4383  0.000e+00
     85.362     6.7740    34.4403    27.0088 1.8315e-01     0.2053      0.755    1478.49     35.798     2.4383  0.000e+00
     85.387     6.7740    34.4405    27.0090 1.8315e-01     0.2053      0.769    1478.49     35.798     2.4382  0.000e+00
     85.387     6.7745    34.4411    27.0094 1.8315e-01     0.2102      0.766    1478.50     35.798     2.4382  0.000e+00
     85.434     6.7753    34.4417    27.0098 1.8315e-01     0.2127      0.766    1478.50     35.798     2.4382  0.000e+00
     85.447     6.7761    34.4428    27.0105 1.8315e-01     0.2114      0.762    1478.51     35.799     2.4382  0.000e+00
     85.458     6.7771    34.4431    27.0105 1.8315e-01     0.2102      0.755    1478.51     35.800     2.4382  0.000e+00
     85.494     6.7775    34.4442    27.0114 1.8315e-01     0.2078      0.751    1478.51     35.801     2.4382  0.000e+00
     85.507     6.7784    34.4443    27.0113 1.8315e-01     0.2090      0.747    1478.52     35.803     2.4383  0.000e+00
     85.519     6.7803    34.4429    27.0100 1.8315e-01     0.2066      0.747    1478.52     35.805     2.4383  0.000e+00
     85.543     6.7822    34.4415    27.0086 1.8315e-01     0.2090      0.758    1478.53     35.807     2.4384  0.000e+00
     85.568     6.7832    34.4406    27.0078 1.8315e-01     0.2078      0.769    1478.53     35.810     2.4386  0.000e+00
     85.579     6.7844    34.4388    27.0062 1.8315e-01     0.2090      0.780    1478.54     35.812     2.4387  0.000e+00
     85.604     6.7837    34.4384    27.0060 1.8315e-01     0.2053      0.780    1478.53     35.745     2.4342  0.000e+00
     85.639     6.7833    34.4384    27.0060 1.8315e-01     0.2029      0.769    1478.53     35.804     2.4382  0.000e+00
     85.664     6.7826    34.4385    27.0062 1.8315e-01     0.2041      0.751    1478.53     35.745     2.4342  0.000e+00
     85.677     6.7814    34.4385    27.0064 1.8315e-01     0.2053      0.740    1478.53     35.742     2.4341  0.000e+00
     85.701     6.7805    34.4386    27.0065 1.8315e-01     0.2066      0.740    1478.52     35.802     2.4382  0.000e+00
     85.713     6.7799    34.4390    27.0069 1.8315e-01     0.2078      0.755    1478.52     35.808     2.4386  0.000e+00
     85.749     6.7799    34.4387    27.0068 1.8315e-01     0.2078      0.769    1478.52     35.751     2.4348  0.000e+00
     85.762     6.7798    34.4392    27.0072 1.7094e-01     0.2066      0.766    1478.52     35.813     2.4390  0.000e+00
