Data/Trygve/TB20181211/TB20181211_CTD/TB_20181211_01_down.cnv
* Sea-Bird SBE 9 Data File:
* FileName = C:\CTD Brukere\OC4920\TB 20181211_01.hex
* Software Version Seasave V 7.23.2
* Temperature SN = 5352
* Conductivity SN = 3840
* Number of Bytes Per Scan = 28
* Number of Voltage Words = 4
* Number of Scans Averaged by the Deck Unit = 1
* NMEA baud rate = 4800
** Ship: R/V Trygve Braarud
** Cruise:
** Station:
** Operator:
# nquan = 11
# nvalues = 6080                                  
# units = specified
# name 0 = depSM: Depth [salt water, m], lat = 59.00
# name 1 = t090C: Temperature [ITS-90, deg C]
# name 2 = sal00: Salinity, Practical [PSU]
# name 3 = sigma-t00: Density [sigma-t, kg/m^3 ]
# name 4 = flSP: Fluorescence, Seapoint
# name 5 = wetStar: Fluorescence, WET Labs WETstar [mg/m^3]
# name 6 = seaTurbMtr: Turbidity, Seapoint [FTU]
# name 7 = svCM: Sound Velocity [Chen-Millero, m/s]
# name 8 = sbeox0PS: Oxygen, SBE 43 [% saturation]
# name 9 = sbeox0ML/L: Oxygen, SBE 43 [ml/l]
# name 10 = flag:  0.000e+00
# span 0 =      0.420,     89.958                 
# span 1 =     3.8438,    10.0583                 
# span 2 =    17.1361,    34.5097                 
# span 3 =    13.6109,    27.0329                 
# span 4 = 1.5873e-01, 1.1355e+00                 
# span 5 =     0.0136,     2.8537                 
# span 6 =      0.689,      4.128                 
# span 7 =    1443.15,    1488.86                 
# span 8 =     31.899,     91.612                 
# span 9 =     2.1762,     7.3520                 
# span 10 = 0.0000e+00, 0.0000e+00                
# interval = seconds: 0.0416667
# start_time = Dec 11 2018 09:46:41 [System UTC, first data scan.]
# bad_flag = -9.990e-29
*END*
[from data line 1443]
      9.961     9.9065    33.3249    25.6597 1.9536e-01     0.0637      0.740    1487.62     79.945     5.1133  0.000e+00
      9.990     9.9078    33.3259    25.6603 1.9536e-01     0.0661      0.740    1487.63     79.947     5.1132  0.000e+00
      9.997     9.9111    33.3266    25.6603 1.9536e-01     0.0661      0.744    1487.64     79.892     5.1093  0.000e+00
     10.021     9.9129    33.3272    25.6605 1.9536e-01     0.0661      0.751    1487.65     79.834     5.1054  0.000e+00
     10.045     9.9125    33.3267    25.6601 1.9536e-01     0.0649      0.751    1487.65     79.839     5.1058  0.000e+00
     10.062     9.9111    33.3256    25.6595 1.9536e-01     0.0661      0.744    1487.64     79.788     5.1026  0.000e+00
     10.068     9.9103    33.3253    25.6594 1.9536e-01     0.0661      0.747    1487.64     79.679     5.0958  0.000e+00
     10.104     9.9103    33.3266    25.6604 1.9536e-01     0.0686      0.747    1487.64     79.675     5.0955  0.000e+00
     10.117     9.9119    33.3278    25.6611 1.9536e-01     0.0698      0.747    1487.65     79.621     5.0918  0.000e+00
     10.134     9.9127    33.3255    25.6591 1.9536e-01     0.0698      0.747    1487.65     79.564     5.0882  0.000e+00
     10.164     9.9108    33.3229    25.6575 1.9536e-01     0.0698      0.751    1487.64     79.504     5.0846  0.000e+00
     10.164     9.9074    33.3211    25.6566 1.9536e-01     0.0686      0.755    1487.62     79.507     5.0853  0.000e+00
     10.199     9.9017    33.3198    25.6565 1.9536e-01     0.0674      0.755    1487.60     79.454     5.0826  0.000e+00
     10.217     9.8969    33.3199    25.6574 1.9536e-01     0.0686      0.755    1487.58     79.398     5.0795  0.000e+00
     10.236     9.8931    33.3195    25.6577 2.1978e-01     0.0661      0.747    1487.57     79.339     5.0762  0.000e+00
     10.236     9.8859    33.3171    25.6571 2.1978e-01     0.0637      0.747    1487.54     79.337     5.0769  0.000e+00
     10.283     9.8770    33.3144    25.6564 2.3199e-01     0.0649      0.744    1487.51     79.285     5.0747  0.000e+00
     10.290     9.8675    33.3110    25.6553 2.1978e-01     0.0661      0.744    1487.47     79.230     5.0723  0.000e+00
     10.319     9.8583    33.3097    25.6559 2.1978e-01     0.0649      0.740    1487.43     79.172     5.0696  0.000e+00
     10.319     9.8531    33.3098    25.6568 2.0757e-01     0.0661      0.740    1487.41     79.178     5.0706  0.000e+00
     10.355     9.8489    33.3116    25.6589 2.0757e-01     0.0649      0.747    1487.40     79.128     5.0678  0.000e+00
     10.385     9.8464    33.3125    25.6600 1.9536e-01     0.0637      0.751    1487.39     79.081     5.0650  0.000e+00
     10.403     9.8439    33.3114    25.6596 1.9536e-01     0.0637      0.751    1487.38     79.085     5.0656  0.000e+00
     10.415     9.8389    33.3101    25.6594 1.9536e-01     0.0613      0.758    1487.36     78.978     5.0594  0.000e+00
     10.450     9.8344    33.3109    25.6608 1.9536e-01     0.0613      0.762    1487.35     79.038     5.0636  0.000e+00
     10.450     9.8329    33.3139    25.6634 1.9536e-01     0.0600      0.769    1487.35     78.985     5.0603  0.000e+00
     10.481     9.8339    33.3155    25.6645 1.9536e-01     0.0588      0.777    1487.35     78.936     5.0570  0.000e+00
     10.499     9.8350    33.3145    25.6635 1.9536e-01     0.0600      0.766    1487.36     78.829     5.0501  0.000e+00
     10.523     9.8340    33.3123    25.6619 2.0757e-01     0.0588      0.755    1487.35     78.889     5.0541  0.000e+00
     10.546     9.8311    33.3104    25.6609 2.1978e-01     0.0588      0.751    1487.34     78.843     5.0515  0.000e+00
     10.570     9.8272    33.3105    25.6616 2.1978e-01     0.0613      0.755    1487.33     78.794     5.0488  0.000e+00
     10.588     9.8238    33.3112    25.6628 2.1978e-01     0.0613      0.758    1487.31     78.803     5.0497  0.000e+00
     10.619     9.8217    33.3119    25.6637 2.0757e-01     0.0588      0.769    1487.31     78.814     5.0507  0.000e+00
     10.630     9.8200    33.3129    25.6648 2.0757e-01     0.0588      0.777    1487.30     78.768     5.0479  0.000e+00
     10.666     9.8185    33.3130    25.6651 2.0757e-01     0.0588      0.769    1487.30     78.778     5.0487  0.000e+00
     10.690     9.8171    33.3135    25.6657 2.0757e-01     0.0588      0.758    1487.29     78.738     5.0462  0.000e+00
     10.696     9.8162    33.3135    25.6658 2.0757e-01     0.0600      0.747    1487.29     78.753     5.0473  0.000e+00
     10.714     9.8160    33.3142    25.6664 1.9536e-01     0.0613      0.744    1487.29     78.779     5.0490  0.000e+00
     10.750     9.8166    33.3159    25.6676 1.9536e-01     0.0625      0.744    1487.30     78.746     5.0467  0.000e+00
     10.761     9.8189    33.3176    25.6686 1.9536e-01     0.0613      0.755    1487.31     78.770     5.0480  0.000e+00
     10.786     9.8219    33.3189    25.6691 1.9536e-01     0.0637      0.766    1487.32     78.796     5.0492  0.000e+00
     10.803     9.8246    33.3203    25.6698 1.9536e-01     0.0637      0.777    1487.33     78.770     5.0472  0.000e+00
     10.834     9.8263    33.3213    25.6703 1.9536e-01     0.0637      0.777    1487.34     78.800     5.0490  0.000e+00
     10.845     9.8279    33.3217    25.6703 2.0757e-01     0.0625      0.773    1487.35     78.832     5.0508  0.000e+00
     10.870     9.8295    33.3214    25.6698 2.0757e-01     0.0613      0.791    1487.35     78.805     5.0489  0.000e+00
     10.892     9.8308    33.3229    25.6707 2.1978e-01     0.0613      0.806    1487.36     78.834     5.0506  0.000e+00
     10.905     9.8335    33.3261    25.6728 2.0757e-01     0.0600      0.802    1487.37     78.804     5.0482  0.000e+00
     10.935     9.8384    33.3305    25.6754 2.0757e-01     0.0613      0.780    1487.40     78.836     5.0496  0.000e+00
     10.952     9.8439    33.3330    25.6765 2.3199e-01     0.0613      0.769    1487.42     78.869     5.0511  0.000e+00
     10.965     9.8509    33.3343    25.6763 2.4420e-01     0.0600      0.755    1487.45     78.904     5.0525  0.000e+00
     10.988     9.8567    33.3356    25.6764 2.3199e-01     0.0613      0.751    1487.47     78.885     5.0506  0.000e+00
     11.012     9.8617    33.3368    25.6764 2.1978e-01     0.0613      0.747    1487.49     78.922     5.0524  0.000e+00
     11.012     9.8664    33.3393    25.6776 2.0757e-01     0.0600      0.751    1487.51     78.959     5.0541  0.000e+00
     11.054     9.8729    33.3470    25.6826 2.0757e-01     0.0613      0.751    1487.54     79.004     5.0560  0.000e+00
     11.061     9.8837    33.3566    25.6882 1.9536e-01     0.0649      0.744    1487.59     78.989     5.0536  0.000e+00
     11.085     9.8941    33.3633    25.6918 1.9536e-01     0.0637      0.740    1487.64     79.021     5.0543  0.000e+00
     11.108     9.9035    33.3671    25.6931 2.0757e-01     0.0613      0.736    1487.68     79.121     5.0595  0.000e+00
     11.132     9.9100    33.3697    25.6941 1.9536e-01     0.0600      0.736    1487.71     79.106     5.0577  0.000e+00
     11.132     9.9157    33.3731    25.6958 2.0757e-01     0.0600      0.740    1487.73     79.144     5.0595  0.000e+00
     11.163     9.9208    33.3787    25.6993 1.9536e-01     0.0588      0.740    1487.76     79.122     5.0573  0.000e+00
     11.181     9.9254    33.3842    25.7029 1.9536e-01     0.0625      0.736    1487.78     79.160     5.0590  0.000e+00
     11.192     9.9280    33.3868    25.7045 1.9536e-01     0.0637      0.736    1487.79     79.197     5.0610  0.000e+00
     11.203     9.9273    33.3881    25.7056 1.9536e-01     0.0625      0.736    1487.79     79.233     5.0634  0.000e+00
     11.239     9.9255    33.3892    25.7067 1.9536e-01     0.0649      0.744    1487.79     79.268     5.0658  0.000e+00
     11.239     9.9250    33.3895    25.7070 1.9536e-01     0.0637      0.744    1487.79     79.309     5.0684  0.000e+00
     11.263     9.9242    33.3909    25.7083 1.9536e-01     0.0613      0.740    1487.79     79.287     5.0671  0.000e+00
     11.294     9.9238    33.3916    25.7089 1.9536e-01     0.0613      0.740    1487.79     79.319     5.0691  0.000e+00
     11.299     9.9239    33.3930    25.7099 1.9536e-01     0.0613      0.747    1487.79     79.349     5.0710  0.000e+00
     11.312     9.9234    33.3961    25.7125 1.9536e-01     0.0637      0.747    1487.79     79.383     5.0731  0.000e+00
     11.336     9.9230    33.4005    25.7160 1.9536e-01     0.0625      0.747    1487.79     79.416     5.0751  0.000e+00
     11.359     9.9229    33.4046    25.7192 1.9536e-01     0.0637      0.747    1487.80     79.447     5.0770  0.000e+00
     11.372     9.9234    33.4082    25.7219 1.9536e-01     0.0613      0.747    1487.81     79.482     5.0790  0.000e+00
     11.372     9.9238    33.4118    25.7247 1.9536e-01     0.0588      0.751    1487.81     79.447     5.0766  0.000e+00
     11.408     9.9244    33.4164    25.7282 1.9536e-01     0.0564      0.755    1487.82     79.477     5.0783  0.000e+00
     11.425     9.9266    33.4223    25.7324 1.9536e-01     0.0576      0.755    1487.84     79.504     5.0797  0.000e+00
     11.432     9.9304    33.4286    25.7367 1.9536e-01     0.0613      0.758    1487.86     79.529     5.0806  0.000e+00
     11.455     9.9351    33.4329    25.7392 1.9536e-01     0.0637      0.751    1487.88     79.544     5.0809  0.000e+00
     11.468     9.9391    33.4376    25.7422 1.9536e-01     0.0625      0.744    1487.90     79.509     5.0781  0.000e+00
     11.490     9.9429    33.4423    25.7453 1.8315e-01     0.0637      0.740    1487.92     79.585     5.0824  0.000e+00
     11.503     9.9468    33.4453    25.7470 1.8315e-01     0.0625      0.758    1487.94     79.543     5.0792  0.000e+00
     11.527     9.9500    33.4469    25.7477 1.8315e-01     0.0600      0.802    1487.95     79.558     5.0797  0.000e+00
     11.527     9.9525    33.4481    25.7482 1.8315e-01     0.0588      0.810    1487.96     79.577     5.0806  0.000e+00
     11.545     9.9543    33.4502    25.7496 1.8315e-01     0.0588      0.784    1487.97     79.592     5.0813  0.000e+00
     11.563     9.9554    33.4517    25.7506 1.8315e-01     0.0600      0.769    1487.98     79.610     5.0823  0.000e+00
     11.586     9.9554    33.4528    25.7514 1.8315e-01     0.0600      0.773    1487.98     79.564     5.0793  0.000e+00
     11.599     9.9557    33.4539    25.7522 1.8315e-01     0.0588      0.780    1487.98     79.574     5.0799  0.000e+00
     11.623     9.9560    33.4555    25.7534 1.8315e-01     0.0576      0.780    1487.99     79.588     5.0807  0.000e+00
     11.610     9.9567    33.4568    25.7543 1.9536e-01     0.0564      0.784    1487.99     79.598     5.0812  0.000e+00
     11.646     9.9570    33.4583    25.7554 1.9536e-01     0.0552      0.788    1487.99     79.550     5.0780  0.000e+00
     11.659     9.9577    33.4604    25.7569 1.9536e-01     0.0564      0.795    1488.00     79.559     5.0785  0.000e+00
     11.683     9.9580    33.4610    25.7574 1.9536e-01     0.0588      0.791    1488.00     79.564     5.0788  0.000e+00
     11.694     9.9580    33.4611    25.7574 1.9536e-01     0.0588      0.791    1488.00     79.572     5.0793  0.000e+00
     11.701     9.9577    33.4626    25.7586 1.9536e-01     0.0613      0.791    1488.00     79.583     5.0799  0.000e+00
     11.706     9.9582    33.4656    25.7609 1.9536e-01     0.0625      0.795    1488.01     79.529     5.0763  0.000e+00
     11.741     9.9589    33.4681    25.7627 1.9536e-01     0.0613      0.806    1488.01     79.593     5.0802  0.000e+00
     11.754     9.9598    33.4715    25.7653 1.9536e-01     0.0600      0.799    1488.02     79.598     5.0804  0.000e+00
     11.766     9.9605    33.4747    25.7676 1.9536e-01     0.0600      0.777    1488.03     79.605     5.0806  0.000e+00
     11.790     9.9612    33.4775    25.7697 1.9536e-01     0.0588      0.762    1488.03     79.554     5.0772  0.000e+00
     11.790     9.9622    33.4790    25.7707 1.9536e-01     0.0600      0.758    1488.04     79.559     5.0774  0.000e+00
     11.814     9.9627    33.4805    25.7718 1.9536e-01     0.0600      0.755    1488.04     79.560     5.0773  0.000e+00
     11.837     9.9631    33.4819    25.7728 1.9536e-01     0.0600      0.747    1488.05     79.563     5.0774  0.000e+00
     11.837     9.9636    33.4838    25.7742 1.9536e-01     0.0600      0.747    1488.05     79.568     5.0776  0.000e+00
     11.861     9.9645    33.4846    25.7747 1.9536e-01     0.0576      0.747    1488.06     79.576     5.0780  0.000e+00
     11.874     9.9649    33.4857    25.7755 1.9536e-01     0.0564      0.744    1488.06     79.579     5.0781  0.000e+00
     11.916     9.9653    33.4871    25.7765 1.9536e-01     0.0564      0.736    1488.06     79.584     5.0783  0.000e+00
     11.910     9.9659    33.4879    25.7770 1.9536e-01     0.0564      0.736    1488.07     79.597     5.0791  0.000e+00
     11.934     9.9661    33.4890    25.7778 1.9536e-01     0.0539      0.744    1488.07     79.606     5.0796  0.000e+00
     11.945     9.9662    33.4897    25.7784 1.9536e-01     0.0552      0.747    1488.07     79.616     5.0802  0.000e+00
     11.970     9.9666    33.4896    25.7782 1.9536e-01     0.0552      0.758    1488.07     79.622     5.0806  0.000e+00
     11.992     9.9664    33.4901    25.7787 1.9536e-01     0.0564      0.766    1488.07     79.630     5.0811  0.000e+00
     12.005     9.9669    33.4899    25.7784 1.9536e-01     0.0564      0.784    1488.07     79.639     5.0816  0.000e+00
     12.017     9.9671    33.4903    25.7787 1.9536e-01     0.0564      0.821    1488.07     79.650     5.0823  0.000e+00
     12.041     9.9671    33.4908    25.7791 1.9536e-01     0.0564      0.828    1488.08     79.662     5.0830  0.000e+00
     12.052     9.9671    33.4918    25.7799 1.8315e-01     0.0600      0.839    1488.08     79.676     5.0839  0.000e+00
     12.077     9.9674    33.4926    25.7804 1.8315e-01     0.0613      0.839    1488.08     79.685     5.0844  0.000e+00
     12.101     9.9679    33.4928    25.7805 1.8315e-01     0.0637      0.824    1488.08     79.695     5.0850  0.000e+00
     12.112     9.9684    33.4932    25.7808 1.8315e-01     0.0637      0.813    1488.08     79.707     5.0857  0.000e+00
     12.125     9.9687    33.4935    25.7809 1.8315e-01     0.0600      0.821    1488.09     79.720     5.0864  0.000e+00
     12.137     9.9687    33.4934    25.7809 1.9536e-01     0.0564      0.835    1488.09     79.734     5.0873  0.000e+00
     12.172     9.9687    33.4938    25.7811 1.9536e-01     0.0527      0.828    1488.09     79.750     5.0883  0.000e+00
     12.185     9.9684    33.4941    25.7815 1.9536e-01     0.0527      0.802    1488.09     79.767     5.0894  0.000e+00
     12.203     9.9684    33.4945    25.7818 1.9536e-01     0.0539      0.802    1488.09     79.778     5.0902  0.000e+00
     12.221     9.9684    33.4943    25.7816 1.9536e-01     0.0527      0.810    1488.09     79.791     5.0910  0.000e+00
     12.232     9.9687    33.4948    25.7820 1.9536e-01     0.0527      0.799    1488.09     79.865     5.0957  0.000e+00
     12.256     9.9692    33.4954    25.7823 2.0757e-01     0.0539      0.784    1488.09     79.826     5.0931  0.000e+00
     12.281     9.9698    33.4957    25.7825 1.9536e-01     0.0539      0.777    1488.09     79.841     5.0940  0.000e+00
     12.292     9.9701    33.4964    25.7830 1.8315e-01     0.0539      0.773    1488.10     79.851     5.0946  0.000e+00
     12.303     9.9706    33.4963    25.7828 1.8315e-01     0.0539      0.766    1488.10     79.869     5.0956  0.000e+00
     12.316     9.9706    33.4964    25.7828 1.8315e-01     0.0527      0.762    1488.10     79.941     5.1003  0.000e+00
     12.339     9.9705    33.4959    25.7825 1.9536e-01     0.0539      0.762    1488.10     79.899     5.0976  0.000e+00
