Data/Trygve/TB20181211/TB20181211_CTD/TB_20181211_04_down.cnv
* Sea-Bird SBE 9 Data File:
* FileName = C:\CTD Brukere\OC4920\TB 20181211_04.hex
* Software Version Seasave V 7.23.2
* Temperature SN = 5352
* Conductivity SN = 3840
* Number of Bytes Per Scan = 28
* Number of Voltage Words = 4
* Number of Scans Averaged by the Deck Unit = 1
* NMEA baud rate = 4800
** Ship: R/V Trygve Braarud
** Cruise:
** Station:
** Operator:
# nquan = 11
# nvalues = 73                          
# units = specified
# name 0 = depSM: Depth [salt water, m], lat = 59.00
# name 1 = t090C: Temperature [ITS-90, deg C]
# name 2 = sal00: Salinity, Practical [PSU]
# name 3 = sigma-t00: Density [sigma-t, kg/m^3 ]
# name 4 = flSP: Fluorescence, Seapoint
# name 5 = wetStar: Fluorescence, WET Labs WETstar [mg/m^3]
# name 6 = seaTurbMtr: Turbidity, Seapoint [FTU]
# name 7 = svCM: Sound Velocity [Chen-Millero, m/s]
# name 8 = sbeox0PS: Oxygen, SBE 43 [% saturation]
# name 9 = sbeox0ML/L: Oxygen, SBE 43 [ml/l]
# name 10 = flag: flag
# span 0 =      1.000,     73.000       
# span 1 =     6.2633,    10.1678       
# span 2 =    24.5575,    34.4842       
# span 3 =    19.2838,    26.9472       
# span 4 = 1.6494e-01, 6.0077e-01       
# span 5 =     0.0040,     0.7442       
# span 6 =      0.681,      1.075       
# span 7 =    1462.66,    1489.07       
# span 8 =     40.896,     93.100       
# span 9 =     2.7565,     6.7112       
# span 10 = 0.0000e+00, 0.0000e+00      
# interval = meters: 1                  
# start_time = Dec 11 2018 10:36:21 [System UTC, first data scan.]
# bad_flag = -9.990e-29
*END*
      1.000     6.2633    24.5575    19.2838 6.0077e-01     0.7442      1.075    1462.66     88.925     6.5453 0.0000e+00
      2.000     6.4295    25.4755    19.9901 5.7768e-01     0.3699      0.690    1464.51     89.768     6.5387 0.0000e+00
      3.000     6.6748    26.1879    20.5239 4.9261e-01     0.3099      0.704    1466.41     93.100     6.7112 0.0000e+00
      4.000     7.3255    27.3382    21.3496 4.2956e-01     0.2491      0.681    1470.43     90.644     6.3877 0.0000e+00
      5.000     8.0839    28.8589    22.4429 3.4219e-01     0.1803      0.682    1475.27     90.354     6.1952 0.0000e+00
      6.000     8.6262    30.2437    23.4513 2.9318e-01     0.1348      0.700    1479.06     90.798     6.0945 0.0000e+00
      7.000     9.0157    31.5989    24.4536 2.8981e-01     0.0907      0.685    1482.20     88.455     5.8343 0.0000e+00
      8.000     9.3846    31.9417    24.6639 2.2928e-01     0.0908      0.706    1484.00     85.397     5.5744 0.0000e+00
      9.000     9.8222    32.4861    25.0181 1.9620e-01     0.0694      0.715    1486.27     83.686     5.3918 0.0000e+00
     10.000    10.1678    33.1962    25.5154 1.8785e-01     0.0624      0.727    1488.41     82.362     5.2423 0.0000e+00
     11.000    10.0721    33.1882    25.5253 1.9148e-01     0.0515      0.728    1488.07     80.089     5.1085 0.0000e+00
     12.000    10.0402    33.1788    25.5233 1.8005e-01     0.0482      0.722    1487.96     77.027     4.9169 0.0000e+00
     13.000    10.1116    33.4488    25.7220 1.7657e-01     0.0418      0.732    1488.56     77.355     4.9216 0.0000e+00
     14.000    10.1113    33.5918    25.8336 1.7521e-01     0.0375      0.729    1488.75     78.025     4.9598 0.0000e+00
     15.000    10.0958    33.7138    25.9315 1.7282e-01     0.0332      0.750    1488.86     77.790     4.9427 0.0000e+00
     16.000    10.0821    33.7427    25.9563 1.7319e-01     0.0300      0.765    1488.86     77.976     4.9550 0.0000e+00
     17.000    10.0571    33.7855    25.9940 1.7229e-01     0.0279      0.745    1488.84     77.791     4.9446 0.0000e+00
     18.000    10.0577    33.7847    25.9933 1.7096e-01     0.0289      0.741    1488.86     78.048     4.9609 0.0000e+00
     19.000    10.0521    33.8445    26.0409 1.7226e-01     0.0258      0.750    1488.93     78.120     4.9642 0.0000e+00
     20.000    10.0360    33.8860    26.0760 1.7164e-01     0.0247      0.748    1488.94     78.115     4.9643 0.0000e+00
     21.000    10.0178    33.9127    26.0999 1.7053e-01     0.0216      0.759    1488.92     77.992     4.9575 0.0000e+00
     22.000    10.0153    33.9532    26.1320 1.6908e-01     0.0225      0.748    1488.98     78.254     4.9732 0.0000e+00
     23.000    10.0265    33.9798    26.1508 1.6910e-01     0.0243      0.736    1489.07     78.761     5.0034 0.0000e+00
     24.000    10.0060    34.0042    26.1733 1.6829e-01     0.0224      0.748    1489.04     78.818     5.0084 0.0000e+00
     25.000     9.9877    34.0227    26.1909 1.6831e-01     0.0205      0.760    1489.01     77.939     4.9539 0.0000e+00
     26.000     9.9866    34.0358    26.2013 1.6555e-01     0.0189      0.747    1489.04     77.976     4.9560 0.0000e+00
     27.000     9.9510    34.0950    26.2535 1.6507e-01     0.0189      0.764    1489.00     78.116     4.9668 0.0000e+00
     28.000     9.9531    34.1009    26.2578 1.6494e-01     0.0196      0.771    1489.03     78.217     4.9728 0.0000e+00
     29.000     9.9432    34.1265    26.2794 1.6742e-01     0.0177      0.806    1489.04     78.369     4.9828 0.0000e+00
     30.000     9.9357    34.1252    26.2797 1.6793e-01     0.0152      0.781    1489.03     78.367     4.9835 0.0000e+00
     31.000     9.8965    34.1802    26.3293 1.7101e-01     0.0133      0.775    1488.98     78.588     5.0000 0.0000e+00
     32.000     9.8822    34.1882    26.3379 1.6552e-01     0.0098      0.775    1488.95     78.800     5.0148 0.0000e+00
     33.000     9.8444    34.2379    26.3831 1.6768e-01     0.0113      0.801    1488.89     79.073     5.0347 0.0000e+00
     34.000     9.8243    34.2610    26.4045 1.6795e-01     0.0106      0.771    1488.86     79.386     5.0561 0.0000e+00
     35.000     9.8505    34.2280    26.3744 1.7249e-01     0.0092      0.785    1488.93     79.380     5.0539 0.0000e+00
     36.000     9.8189    34.2741    26.4157 1.6673e-01     0.0102      0.781    1488.89     79.572     5.0682 0.0000e+00
     37.000     9.8079    34.2731    26.4167 1.6750e-01     0.0059      0.766    1488.87     79.123     5.0408 0.0000e+00
     38.000     9.7879    34.2849    26.4293 1.7072e-01     0.0064      0.792    1488.83     79.438     5.0627 0.0000e+00
     39.000     9.7782    34.2898    26.4348 1.6835e-01     0.0040      0.787    1488.81     80.087     5.1050 0.0000e+00
     40.000     9.7847    34.2855    26.4303 1.7115e-01     0.0048      0.794    1488.85     80.037     5.1012 0.0000e+00
     41.000     9.7808    34.2972    26.4401 1.6563e-01     0.0107      0.778    1488.87     80.487     5.1299 0.0000e+00
     42.000     9.7810    34.2968    26.4398 1.6818e-01     0.0098      0.758    1488.88     80.421     5.1257 0.0000e+00
     43.000     9.7630    34.3100    26.4531 1.6823e-01     0.0091      0.805    1488.85     79.284     5.0548 0.0000e+00
     44.000     9.7520    34.3208    26.4634 1.7136e-01     0.0120      0.800    1488.84     79.210     5.0509 0.0000e+00
     45.000     9.7269    34.3341    26.4780 1.8092e-01     0.0085      0.772    1488.78     79.609     5.0787 0.0000e+00
     46.000     9.6852    34.3611    26.5060 1.6659e-01     0.0055      0.787    1488.68     79.173     5.0546 0.0000e+00
     47.000     9.6695    34.3719    26.5171 1.6854e-01     0.0062      0.791    1488.65     79.212     5.0585 0.0000e+00
     48.000     9.6534    34.3879    26.5323 1.6599e-01     0.0057      0.783    1488.63     79.236     5.0613 0.0000e+00
     49.000     9.6443    34.3930    26.5378 1.6874e-01     0.0092      0.791    1488.62     79.135     5.0557 0.0000e+00
     50.000     9.6310    34.3928    26.5398 1.7015e-01     0.0111      0.783    1488.59     78.808     5.0363 0.0000e+00
     51.000     9.5953    34.4010    26.5521 1.6974e-01     0.0194      0.775    1488.49     78.629     5.0285 0.0000e+00
     52.000     9.5982    34.4030    26.5533 1.6713e-01     0.0162      0.762    1488.52     77.719     4.9699 0.0000e+00
     53.000     9.5606    34.4218    26.5742 1.6887e-01     0.0168      0.763    1488.42     75.981     4.8622 0.0000e+00
     54.000     9.5503    34.4252    26.5786 1.6954e-01     0.0161      0.803    1488.40     76.318     4.8847 0.0000e+00
     55.000     9.5184    34.4411    26.5962 1.6963e-01     0.0120      0.814    1488.32     75.688     4.8473 0.0000e+00
     56.000     9.4832    34.4535    26.6117 1.7166e-01     0.0113      0.850    1488.23     76.251     4.8867 0.0000e+00
     57.000     9.4791    34.4527    26.6118 1.7202e-01     0.0120      0.857    1488.23     77.122     4.9430 0.0000e+00
     58.000     9.4485    34.4620    26.6241 1.7354e-01     0.0124      0.843    1488.14     76.812     4.9262 0.0000e+00
     59.000     9.4151    34.4655    26.6324 1.7009e-01     0.0162      0.816    1488.04     76.802     4.9290 0.0000e+00
     60.000     9.4196    34.4842    26.6463 1.7162e-01     0.0101      0.875    1488.10     76.147     4.8859 0.0000e+00
     61.000     9.3850    34.4834    26.6512 1.6998e-01     0.0134      0.819    1487.99     75.189     4.8281 0.0000e+00
     62.000     9.2477    34.4742    26.6664 1.7413e-01     0.0275      0.845    1487.49     76.106     4.9021 0.0000e+00
     63.000     9.0227    34.4600    26.6916 1.7502e-01     0.0445      0.843    1486.66     74.961     4.8527 0.0000e+00
     64.000     8.9109    34.4588    26.7085 1.7509e-01     0.0531      0.806    1486.27     71.946     4.6691 0.0000e+00
     65.000     8.8113    34.4564    26.7224 1.7493e-01     0.0607      0.824    1485.91     67.873     4.4146 0.0000e+00
     66.000     8.6688    34.4487    26.7387 1.8019e-01     0.0723      0.828    1485.39     65.736     4.2893 0.0000e+00
     67.000     8.2877    34.4316    26.7840 1.7931e-01     0.1012      0.811    1483.96     63.989     4.2114 0.0000e+00
     68.000     7.9927    34.4426    26.8371 1.8272e-01     0.1159      0.815    1482.88     60.819     4.0291 0.0000e+00
     69.000     7.9179    34.4375    26.8442 1.8383e-01     0.1224      0.820    1482.61     54.592     3.6228 0.0000e+00
     70.000     7.5895    34.4349    26.8902 1.8593e-01     0.1437      0.878    1481.38     50.906     3.4034 0.0000e+00
     71.000     7.3322    34.4378    26.9294 1.8476e-01     0.1609      0.829    1480.41     49.354     3.3189 0.0000e+00
     72.000     7.2097    34.4384    26.9472 1.8862e-01     0.1698      0.820    1479.96     44.923     3.0294 0.0000e+00
     73.000     7.2320    34.4398    26.9451 1.8611e-01     0.1648      0.814    1480.06     40.896     2.7565 0.0000e+00
