Data/Trygve/TB20181211/TB20181211_CTD/TB_20181211_cal_down.cnv
* Sea-Bird SBE 9 Data File:
* FileName = C:\CTD Brukere\OC4920\TB 20181211_cal.hex
* Software Version Seasave V 7.23.2
* Temperature SN = 5352
* Conductivity SN = 3840
* Number of Bytes Per Scan = 28
* Number of Voltage Words = 4
* Number of Scans Averaged by the Deck Unit = 1
* NMEA baud rate = 4800
** Ship: R/V Trygve Braarud
** Cruise:
** Station:
** Operator:
# nquan = 11
# nvalues = 116                         
# units = specified
# name 0 = depSM: Depth [salt water, m], lat = 59.00
# name 1 = t090C: Temperature [ITS-90, deg C]
# name 2 = sal00: Salinity, Practical [PSU]
# name 3 = sigma-t00: Density [sigma-t, kg/m^3 ]
# name 4 = flSP: Fluorescence, Seapoint
# name 5 = wetStar: Fluorescence, WET Labs WETstar [mg/m^3]
# name 6 = seaTurbMtr: Turbidity, Seapoint [FTU]
# name 7 = svCM: Sound Velocity [Chen-Millero, m/s]
# name 8 = sbeox0PS: Oxygen, SBE 43 [% saturation]
# name 9 = sbeox0ML/L: Oxygen, SBE 43 [ml/l]
# name 10 = flag: flag
# span 0 =      1.000,    116.000       
# span 1 =     5.2979,     9.7791       
# span 2 =    21.9407,    34.5049       
# span 3 =    17.3153,    27.0540       
# span 4 = 1.6797e-01, 7.2036e-01       
# span 5 =    -0.0120,     1.5998       
# span 6 =      0.659,      6.107       
# span 7 =    1455.40,    1488.91       
# span 8 =     25.010,     93.136       
# span 9 =     1.7074,     6.9788       
# span 10 = 0.0000e+00, 0.0000e+00      
# interval = meters: 1                  
# start_time = Dec 11 2018 09:17:05 [System UTC, first data scan.]
# bad_flag = -9.990e-29
*END*
      1.000     5.2979    21.9407    17.3153 7.2036e-01     1.5998      1.794    1455.40     91.071     6.9788 0.0000e+00
      2.000     5.3688    22.2053    17.5181 6.7693e-01     1.4726      1.483    1456.05     90.955     6.9456 0.0000e+00
      3.000     5.4779    22.5773    17.8018 5.1564e-01     0.4741      0.815    1456.99     91.067     6.9187 0.0000e+00
      4.000     6.1493    24.9252    19.5870 4.9479e-01     0.2500      0.699    1462.72     90.473     6.6592 0.0000e+00
      5.000     6.5022    26.1087    20.4809 4.1655e-01     0.2305      0.661    1465.65     91.263     6.6089 0.0000e+00
      6.000     7.4186    27.9329    21.8017 3.2448e-01     0.1265      0.659    1471.55     91.939     6.4421 0.0000e+00
      7.000     8.6027    30.3653    23.5499 3.1227e-01     0.0887      0.695    1479.14     91.868     6.1646 0.0000e+00
      8.000     9.0065    31.4119    24.3084 2.7224e-01     0.0647      0.703    1481.95     93.136     6.1519 0.0000e+00
      9.000     9.3119    32.3151    24.9675 2.6257e-01     0.0369      0.746    1484.20     87.733     5.7222 0.0000e+00
     10.000     9.3703    32.9709    25.4709 2.4745e-01     0.0081      0.761    1485.24     84.724     5.4957 0.0000e+00
     11.000     9.4416    33.3375    25.7460 2.3841e-01    -0.0096      0.825    1485.96     81.887     5.2906 0.0000e+00
     12.000     9.4193    33.3891    25.7899 2.2387e-01    -0.0120      0.870    1485.96     82.468     5.3290 0.0000e+00
     13.000     9.4045    33.3800    25.7852 2.3293e-01    -0.0120      0.875    1485.91     82.642     5.3423 0.0000e+00
     14.000     9.3695    33.2575    25.6950 2.4072e-01    -0.0120      0.883    1485.65     82.496     5.3412 0.0000e+00
     15.000     9.3756    33.4031    25.8080 2.2127e-01    -0.0120      0.901    1485.87     82.707     5.3491 0.0000e+00
     16.000     9.3536    33.4764    25.8688 2.2956e-01    -0.0120      0.929    1485.89     82.660     5.3461 0.0000e+00
     17.000     9.3528    33.5837    25.9528 2.1708e-01    -0.0120      0.903    1486.04     83.059     5.3683 0.0000e+00
     18.000     9.3644    33.6934    26.0367 2.5697e-01    -0.0120      1.004    1486.23     82.981     5.3581 0.0000e+00
     19.000     9.2835    33.7624    26.1038 2.1759e-01    -0.0120      1.006    1486.04     83.310     5.3866 0.0000e+00
     20.000     9.2993    33.8111    26.1394 2.1825e-01    -0.0120      1.032    1486.17     83.113     5.3702 0.0000e+00
     21.000     9.3294    33.8678    26.1788 2.0706e-01    -0.0120      0.990    1486.37     83.897     5.4154 0.0000e+00
     22.000     9.4059    33.9252    26.2112 1.9648e-01    -0.0120      0.949    1486.73     84.121     5.4186 0.0000e+00
     23.000     9.5063    33.9845    26.2412 1.9785e-01    -0.0120      0.967    1487.19     84.313     5.4170 0.0000e+00
     24.000     9.5181    33.9994    26.2510 1.9586e-01    -0.0120      0.944    1487.27     83.685     5.3748 0.0000e+00
     25.000     9.5435    34.0152    26.2591 1.9736e-01    -0.0120      0.962    1487.40     82.917     5.3219 0.0000e+00
     26.000     9.5572    34.0307    26.2690 1.8686e-01    -0.0120      0.930    1487.48     82.884     5.3177 0.0000e+00
     27.000     9.6071    34.0584    26.2824 1.8539e-01    -0.0120      0.937    1487.71     83.028     5.3201 0.0000e+00
     28.000     9.6465    34.0780    26.2912 1.7950e-01    -0.0120      0.920    1487.90     83.065     5.3173 0.0000e+00
     29.000     9.6837    34.1062    26.3070 1.7933e-01    -0.0120      0.905    1488.08     82.798     5.2949 0.0000e+00
     30.000     9.7065    34.1370    26.3274 1.7826e-01    -0.0120      0.898    1488.22     82.242     5.2557 0.0000e+00
     31.000     9.7248    34.1578    26.3405 1.7615e-01    -0.0120      0.919    1488.33     82.083     5.2427 0.0000e+00
     32.000     9.7238    34.1699    26.3502 1.8166e-01    -0.0120      0.941    1488.35     82.061     5.2410 0.0000e+00
     33.000     9.7326    34.1878    26.3627 1.7380e-01    -0.0120      0.887    1488.43     82.121     5.2433 0.0000e+00
     34.000     9.7459    34.2040    26.3731 1.7368e-01    -0.0120      0.877    1488.51     81.953     5.2305 0.0000e+00
     35.000     9.7582    34.2175    26.3816 1.7178e-01    -0.0120      0.903    1488.59     82.123     5.2394 0.0000e+00
     36.000     9.7642    34.2250    26.3865 1.7045e-01    -0.0120      0.861    1488.63     81.954     5.2277 0.0000e+00
     37.000     9.7717    34.2423    26.3988 1.7044e-01    -0.0120      0.845    1488.70     82.136     5.2379 0.0000e+00
     38.000     9.7755    34.2583    26.4106 1.7225e-01    -0.0120      0.830    1488.75     81.779     5.2142 0.0000e+00
     39.000     9.7791    34.2750    26.4231 1.7025e-01    -0.0120      0.847    1488.80     81.859     5.2183 0.0000e+00
     40.000     9.7731    34.3027    26.4457 1.6956e-01    -0.0120      0.815    1488.83     81.470     5.1932 0.0000e+00
     41.000     9.7702    34.3136    26.4547 1.7143e-01    -0.0120      0.796    1488.85     81.221     5.1774 0.0000e+00
     42.000     9.7632    34.3358    26.4732 1.7017e-01    -0.0120      0.800    1488.87     80.883     5.1559 0.0000e+00
     43.000     9.7552    34.3590    26.4927 1.6988e-01    -0.0120      0.808    1488.88     81.170     5.1743 0.0000e+00
     44.000     9.7523    34.3608    26.4946 1.6990e-01    -0.0120      0.793    1488.89     81.019     5.1649 0.0000e+00
     45.000     9.7492    34.3677    26.5005 1.7193e-01    -0.0120      0.789    1488.90     80.540     5.1345 0.0000e+00
     46.000     9.7371    34.3837    26.5150 1.6797e-01    -0.0120      0.787    1488.90     80.275     5.1185 0.0000e+00
     47.000     9.7318    34.3867    26.5183 1.6974e-01    -0.0120      0.821    1488.90     80.154     5.1112 0.0000e+00
     48.000     9.7224    34.3972    26.5281 1.7119e-01    -0.0120      0.849    1488.89     79.880     5.0945 0.0000e+00
     49.000     9.7114    34.4132    26.5424 1.6962e-01    -0.0120      0.843    1488.89     79.990     5.1022 0.0000e+00
     50.000     9.7127    34.4126    26.5417 1.7142e-01    -0.0120      0.827    1488.91     79.927     5.0980 0.0000e+00
     51.000     9.7034    34.4255    26.5533 1.7066e-01    -0.0120      0.828    1488.91     80.413     5.1297 0.0000e+00
     52.000     9.6943    34.4307    26.5589 1.7257e-01    -0.0120      0.868    1488.90     80.568     5.1404 0.0000e+00
     53.000     9.6779    34.4424    26.5708 1.7171e-01    -0.0120      0.828    1488.87     80.786     5.1557 0.0000e+00
     54.000     9.6692    34.4525    26.5801 1.7069e-01    -0.0120      0.846    1488.87     80.372     5.1299 0.0000e+00
     55.000     9.6555    34.4711    26.5970 1.7175e-01    -0.0120      0.828    1488.86     80.179     5.1185 0.0000e+00
     56.000     9.6217    34.4770    26.6072 1.7196e-01    -0.0120      0.852    1488.76     80.003     5.1109 0.0000e+00
     57.000     9.5756    34.4856    26.6216 1.7119e-01    -0.0120      0.860    1488.62     80.341     5.1374 0.0000e+00
     58.000     9.5050    34.4936    26.6395 1.7227e-01    -0.0120      0.885    1488.39     79.611     5.0983 0.0000e+00
     59.000     9.4874    34.5049    26.6512 1.7272e-01    -0.0120      0.864    1488.36     78.721     5.0429 0.0000e+00
     60.000     9.3733    34.4978    26.6645 1.7276e-01    -0.0120      0.860    1487.95     77.418     4.9720 0.0000e+00
     61.000     9.2445    34.4931    26.6818 1.7634e-01    -0.0081      0.845    1487.49     76.881     4.9517 0.0000e+00
     62.000     9.1110    34.4957    26.7054 1.7746e-01     0.0008      0.899    1487.02     75.685     4.8889 0.0000e+00
     63.000     8.9280    34.4777    26.7206 1.7346e-01     0.0193      0.871    1486.34     73.325     4.7562 0.0000e+00
     64.000     8.7063    34.4633    26.7443 1.7743e-01     0.0311      0.851    1485.52     70.802     4.6156 0.0000e+00
     65.000     8.6062    34.4577    26.7556 1.7731e-01     0.0403      0.817    1485.15     67.539     4.4129 0.0000e+00
     66.000     8.3910    34.4593    26.7900 1.8318e-01     0.0519      0.866    1484.37     64.377     4.2264 0.0000e+00
     67.000     8.2113    34.4580    26.8164 1.8516e-01     0.0619      0.798    1483.71     62.057     4.0906 0.0000e+00
     68.000     8.0229    34.4532    26.8410 1.8416e-01     0.0739      0.807    1483.01     59.318     3.9267 0.0000e+00
     69.000     7.7395    34.4496    26.8800 1.8526e-01     0.0924      0.797    1481.95     56.174     3.7425 0.0000e+00
     70.000     7.6274    34.4441    26.8920 1.8442e-01     0.1016      0.772    1481.53     53.354     3.5638 0.0000e+00
     71.000     7.3690    34.4351    26.9220 1.8482e-01     0.1155      0.781    1480.55     49.737     3.3420 0.0000e+00
     72.000     7.3586    34.4338    26.9225 1.8166e-01     0.1182      0.771    1480.52     47.367     3.1835 0.0000e+00
     73.000     7.2758    34.4305    26.9316 1.8683e-01     0.1226      0.745    1480.22     44.812     3.0175 0.0000e+00
     74.000     7.2194    34.4328    26.9414 1.8869e-01     0.1230      0.798    1480.02     43.575     2.9380 0.0000e+00
     75.000     7.2277    34.4313    26.9390 1.9028e-01     0.1253      0.754    1480.07     42.908     2.8925 0.0000e+00
     76.000     7.1885    34.4361    26.9483 1.8622e-01     0.1247      0.751    1479.94     41.656     2.8106 0.0000e+00
     77.000     7.1379    34.4373    26.9564 1.8814e-01     0.1270      0.789    1479.76     41.668     2.8145 0.0000e+00
     78.000     7.1314    34.4361    26.9563 1.8663e-01     0.1273      0.779    1479.75     41.163     2.7809 0.0000e+00
     79.000     7.0232    34.4333    26.9692 1.8826e-01     0.1339      0.761    1479.35     40.602     2.7499 0.0000e+00
     80.000     7.0108    34.4329    26.9705 1.8875e-01     0.1416      0.754    1479.31     40.105     2.7169 0.0000e+00
     81.000     6.9398    34.4353    26.9822 1.8730e-01     0.1439      0.761    1479.06     39.250     2.6633 0.0000e+00
     82.000     6.9283    34.4358    26.9842 1.8747e-01     0.1454      0.769    1479.03     38.301     2.5996 0.0000e+00
     83.000     6.8901    34.4351    26.9889 1.8783e-01     0.1443      0.752    1478.90     37.340     2.5366 0.0000e+00
     84.000     6.8642    34.4338    26.9914 1.8640e-01     0.1393      0.770    1478.81     36.617     2.4890 0.0000e+00
     85.000     6.8472    34.4328    26.9930 1.8367e-01     0.1423      0.747    1478.76     36.317     2.4696 0.0000e+00
     86.000     6.7968    34.4345    27.0011 1.8400e-01     0.1424      0.783    1478.59     36.476     2.4833 0.0000e+00
     87.000     6.7630    34.4360    27.0069 1.8470e-01     0.1437      0.731    1478.47     36.604     2.4939 0.0000e+00
     88.000     6.7533    34.4353    27.0076 1.8574e-01     0.1432      0.715    1478.45     36.215     2.4679 0.0000e+00
     89.000     6.7563    34.4345    27.0066 1.8429e-01     0.1415      0.710    1478.48     36.038     2.4557 0.0000e+00
     90.000     6.7532    34.4342    27.0068 1.8316e-01     0.1432      0.707    1478.48     36.052     2.4569 0.0000e+00
     91.000     6.7400    34.4383    27.0118 1.8472e-01     0.1462      0.737    1478.45     36.001     2.4541 0.0000e+00
     92.000     6.7333    34.4407    27.0146 1.8481e-01     0.1476      0.741    1478.45     35.939     2.4501 0.0000e+00
     93.000     6.7289    34.4399    27.0146 1.8341e-01     0.1465      0.744    1478.44     35.763     2.4384 0.0000e+00
     94.000     6.7196    34.4434    27.0186 1.8554e-01     0.1495      0.725    1478.43     35.067     2.3914 0.0000e+00
     95.000     6.7065    34.4440    27.0209 1.8482e-01     0.1487      0.759    1478.40     35.154     2.3981 0.0000e+00
     96.000     6.7024    34.4454    27.0225 1.8601e-01     0.1480      0.747    1478.40     34.990     2.3871 0.0000e+00
     97.000     6.6986    34.4474    27.0245 1.8653e-01     0.1473      0.728    1478.40     34.849     2.3776 0.0000e+00
     98.000     6.7000    34.4474    27.0243 1.8802e-01     0.1508      0.705    1478.42     34.835     2.3766 0.0000e+00
     99.000     6.6951    34.4499    27.0271 1.8605e-01     0.1541      0.747    1478.42     34.584     2.3597 0.0000e+00
    100.000     6.6918    34.4545    27.0311 1.8614e-01     0.1601      0.742    1478.43     34.467     2.3518 0.0000e+00
    101.000     6.6918    34.4547    27.0312 1.8607e-01     0.1618      0.762    1478.45     34.314     2.3414 0.0000e+00
    102.000     6.6891    34.4561    27.0327 1.8597e-01     0.1614      0.751    1478.46     33.298     2.2722 0.0000e+00
    103.000     6.6809    34.4612    27.0378 1.8713e-01     0.1635      0.775    1478.45     32.729     2.2338 0.0000e+00
    104.000     6.6803    34.4618    27.0384 1.9152e-01     0.1690      0.777    1478.46     32.647     2.2282 0.0000e+00
    105.000     6.6761    34.4653    27.0417 1.9089e-01     0.1731      0.849    1478.47     31.820     2.1718 0.0000e+00
    106.000     6.6671    34.4691    27.0460 1.9223e-01     0.1724      0.816    1478.45     31.456     2.1474 0.0000e+00
    107.000     6.6683    34.4690    27.0457 1.9281e-01     0.1748      0.828    1478.48     30.684     2.0947 0.0000e+00
    108.000     6.6634    34.4729    27.0494 1.9125e-01     0.1791      0.814    1478.48     29.797     2.0343 0.0000e+00
    109.000     6.6631    34.4746    27.0508 1.9525e-01     0.1829      0.875    1478.50     29.802     2.0346 0.0000e+00
    110.000     6.6633    34.4751    27.0511 1.9467e-01     0.1868      0.900    1478.51     29.091     1.9861 0.0000e+00
    111.000     6.6640    34.4769    27.0525 1.9375e-01     0.1938      0.903    1478.53     27.876     1.9031 0.0000e+00
    112.000     6.6645    34.4774    27.0528 1.9506e-01     0.1981      0.915    1478.55     27.381     1.8692 0.0000e+00
    113.000     6.6649    34.4767    27.0522 1.9514e-01     0.1952      0.935    1478.57     26.211     1.7894 0.0000e+00
    114.000     6.6639    34.4788    27.0540 1.9424e-01     0.2000      0.959    1478.59     25.455     1.7378 0.0000e+00
    115.000     6.6645    34.4785    27.0537 1.9423e-01     0.1998      0.951    1478.61     25.816     1.7624 0.0000e+00
    116.000     6.6644    34.4783    27.0536 2.3273e-01     0.0726      6.107    1478.62     25.010     1.7074 0.0000e+00
