Data/Trygve/TB20181211/TB20181211_CTD/TB_20181211_01_down.cnv
* Sea-Bird SBE 9 Data File:
* FileName = C:\CTD Brukere\OC4920\TB 20181211_01.hex
* Software Version Seasave V 7.23.2
* Temperature SN = 5352
* Conductivity SN = 3840
* Number of Bytes Per Scan = 28
* Number of Voltage Words = 4
* Number of Scans Averaged by the Deck Unit = 1
* NMEA baud rate = 4800
** Ship: R/V Trygve Braarud
** Cruise:
** Station:
** Operator:
# nquan = 11
# nvalues = 6080                                  
# units = specified
# name 0 = depSM: Depth [salt water, m], lat = 59.00
# name 1 = t090C: Temperature [ITS-90, deg C]
# name 2 = sal00: Salinity, Practical [PSU]
# name 3 = sigma-t00: Density [sigma-t, kg/m^3 ]
# name 4 = flSP: Fluorescence, Seapoint
# name 5 = wetStar: Fluorescence, WET Labs WETstar [mg/m^3]
# name 6 = seaTurbMtr: Turbidity, Seapoint [FTU]
# name 7 = svCM: Sound Velocity [Chen-Millero, m/s]
# name 8 = sbeox0PS: Oxygen, SBE 43 [% saturation]
# name 9 = sbeox0ML/L: Oxygen, SBE 43 [ml/l]
# name 10 = flag:  0.000e+00
# span 0 =      0.420,     89.958                 
# span 1 =     3.8438,    10.0583                 
# span 2 =    17.1361,    34.5097                 
# span 3 =    13.6109,    27.0329                 
# span 4 = 1.5873e-01, 1.1355e+00                 
# span 5 =     0.0136,     2.8537                 
# span 6 =      0.689,      4.128                 
# span 7 =    1443.15,    1488.86                 
# span 8 =     31.899,     91.612                 
# span 9 =     2.1762,     7.3520                 
# span 10 = 0.0000e+00, 0.0000e+00                
# interval = seconds: 0.0416667
# start_time = Dec 11 2018 09:46:41 [System UTC, first data scan.]
# bad_flag = -9.990e-29
*END*
[from data line 1968]
     19.568     9.9721    33.9333    26.1238 1.7094e-01     0.0368      0.758    1488.76     79.440     5.0539  0.000e+00
     19.568     9.9719    33.9356    26.1255 1.7094e-01     0.0368      0.762    1488.76     79.454     5.0548  0.000e+00
     19.615     9.9718    33.9342    26.1244 1.7094e-01     0.0381      0.758    1488.76     79.468     5.0557  0.000e+00
     19.591     9.9721    33.9317    26.1225 1.7094e-01     0.0417      0.755    1488.76     79.480     5.0566  0.000e+00
     19.628     9.9721    33.9307    26.1217 1.7094e-01     0.0393      0.755    1488.75     79.492     5.0574  0.000e+00
     19.653     9.9723    33.9304    26.1214 1.7094e-01     0.0356      0.755    1488.76     79.503     5.0581  0.000e+00
     19.664     9.9718    33.9309    26.1219 1.7094e-01     0.0368      0.758    1488.75     79.514     5.0587  0.000e+00
     19.675     9.9718    33.9321    26.1228 1.7094e-01     0.0381      0.762    1488.76     79.516     5.0589  0.000e+00
     19.713     9.9713    33.9337    26.1242 1.7094e-01     0.0381      0.762    1488.76     79.518     5.0590  0.000e+00
     19.711     9.9711    33.9364    26.1263 1.7094e-01     0.0368      0.766    1488.76     79.518     5.0589  0.000e+00
     19.735     9.9708    33.9382    26.1278 1.7094e-01     0.0381      0.766    1488.76     79.524     5.0593  0.000e+00
     19.747     9.9706    33.9397    26.1290 1.7094e-01     0.0356      0.769    1488.76     79.523     5.0592  0.000e+00
     19.784     9.9706    33.9420    26.1308 1.7094e-01     0.0368      0.769    1488.77     79.521     5.0590  0.000e+00
     19.782     9.9703    33.9444    26.1327 1.7094e-01     0.0368      0.769    1488.77     79.517     5.0587  0.000e+00
     19.831     9.9700    33.9467    26.1346 1.7094e-01     0.0393      0.766    1488.77     79.512     5.0583  0.000e+00
     19.831     9.9692    33.9498    26.1371 1.7094e-01     0.0393      0.762    1488.77     79.507     5.0580  0.000e+00
     19.842     9.9690    33.9508    26.1379 1.7094e-01     0.0405      0.766    1488.77     79.500     5.0575  0.000e+00
     19.879     9.9685    33.9514    26.1384 1.7094e-01     0.0405      0.766    1488.77     79.492     5.0570  0.000e+00
     19.879     9.9689    33.9503    26.1375 1.7094e-01     0.0381      0.769    1488.77     79.483     5.0565  0.000e+00
     19.915     9.9689    33.9490    26.1365 1.7094e-01     0.0381      0.766    1488.77     79.473     5.0559  0.000e+00
     19.927     9.9689    33.9479    26.1356 1.7094e-01     0.0393      0.769    1488.77     79.461     5.0552  0.000e+00
     19.938     9.9687    33.9480    26.1358 1.7094e-01     0.0368      0.773    1488.77     79.449     5.0544  0.000e+00
     19.962     9.9685    33.9477    26.1356 1.7094e-01     0.0368      0.769    1488.77     79.436     5.0536  0.000e+00
     19.999     9.9687    33.9474    26.1353 1.7094e-01     0.0381      0.762    1488.77     79.421     5.0527  0.000e+00
     20.011     9.9687    33.9477    26.1355 1.7094e-01     0.0368      0.762    1488.77     79.406     5.0517  0.000e+00
     20.022     9.9684    33.9485    26.1362 1.7094e-01     0.0368      0.758    1488.77     79.456     5.0549  0.000e+00
     20.046     9.9682    33.9491    26.1367 1.7094e-01     0.0368      0.758    1488.77     79.391     5.0508  0.000e+00
     20.059     9.9679    33.9495    26.1371 1.5873e-01     0.0368      0.762    1488.77     79.380     5.0500  0.000e+00
     20.082     9.9676    33.9490    26.1368 1.7094e-01     0.0381      0.766    1488.77     79.428     5.0531  0.000e+00
     20.106     9.9676    33.9480    26.1360 1.7094e-01     0.0381      0.762    1488.77     79.421     5.0527  0.000e+00
     20.131     9.9676    33.9468    26.1350 1.7094e-01     0.0381      0.777    1488.77     79.419     5.0527  0.000e+00
     20.155     9.9676    33.9459    26.1343 1.7094e-01     0.0405      0.795    1488.77     79.350     5.0483  0.000e+00
     20.166     9.9667    33.9460    26.1345 1.7094e-01     0.0393      0.788    1488.76     79.394     5.0512  0.000e+00
     20.202     9.9659    33.9456    26.1344 1.7094e-01     0.0405      0.777    1488.76     79.390     5.0510  0.000e+00
     20.202     9.9659    33.9432    26.1325 1.7094e-01     0.0381      0.773    1488.76     79.385     5.0508  0.000e+00
     20.226     9.9659    33.9410    26.1308 1.7094e-01     0.0381      0.769    1488.75     79.379     5.0505  0.000e+00
     20.238     9.9659    33.9397    26.1298 1.7094e-01     0.0393      0.766    1488.75     79.372     5.0501  0.000e+00
     20.273     9.9638    33.9429    26.1326 1.7094e-01     0.0393      0.758    1488.75     79.372     5.0502  0.000e+00
     20.286     9.9612    33.9479    26.1370 1.7094e-01     0.0381      0.755    1488.75     79.364     5.0498  0.000e+00
     20.299     9.9598    33.9500    26.1388 1.7094e-01     0.0393      0.758    1488.74     79.301     5.0459  0.000e+00
     20.333     9.9599    33.9501    26.1389 1.7094e-01     0.0368      0.777    1488.75     79.293     5.0454  0.000e+00
     20.346     9.9591    33.9516    26.1402 1.7094e-01     0.0356      0.788    1488.75     79.284     5.0448  0.000e+00
     20.358     9.9584    33.9527    26.1412 1.7094e-01     0.0368      0.788    1488.74     79.274     5.0443  0.000e+00
     20.382     9.9578    33.9534    26.1419 1.7094e-01     0.0368      0.780    1488.74     79.332     5.0480  0.000e+00
     20.405     9.9573    33.9536    26.1421 1.7094e-01     0.0356      0.780    1488.74     79.336     5.0483  0.000e+00
     20.429     9.9570    33.9529    26.1416 1.7094e-01     0.0344      0.780    1488.74     79.278     5.0447  0.000e+00
     20.453     9.9567    33.9530    26.1417 1.7094e-01     0.0332      0.777    1488.74     79.275     5.0445  0.000e+00
     20.465     9.9550    33.9546    26.1433 1.7094e-01     0.0368      0.777    1488.74     79.272     5.0444  0.000e+00
     20.491     9.9534    33.9572    26.1455 1.8315e-01     0.0368      0.777    1488.73     79.329     5.0482  0.000e+00
     20.525     9.9517    33.9597    26.1478 1.8315e-01     0.0381      0.780    1488.73     79.272     5.0446  0.000e+00
     20.525     9.9500    33.9616    26.1496 1.8315e-01     0.0368      0.777    1488.73     79.268     5.0445  0.000e+00
     20.560     9.9490    33.9632    26.1509 1.8315e-01     0.0381      0.773    1488.73     79.264     5.0443  0.000e+00
     20.560     9.9485    33.9631    26.1510 1.8315e-01     0.0368      0.773    1488.72     79.261     5.0442  0.000e+00
     20.586     9.9478    33.9627    26.1508 1.7094e-01     0.0368      0.773    1488.72     79.257     5.0440  0.000e+00
     20.633     9.9481    33.9614    26.1497 1.7094e-01     0.0356      0.766    1488.72     79.254     5.0438  0.000e+00
     20.620     9.9474    33.9617    26.1501 1.7094e-01     0.0356      0.758    1488.72     79.311     5.0475  0.000e+00
     20.645     9.9460    33.9631    26.1514 1.7094e-01     0.0368      0.762    1488.72     79.253     5.0439  0.000e+00
     20.680     9.9443    33.9644    26.1527 1.7094e-01     0.0344      0.762    1488.71     79.249     5.0438  0.000e+00
     20.695     9.9437    33.9649    26.1532 1.7094e-01     0.0368      0.762    1488.71     79.245     5.0436  0.000e+00
     20.705     9.9431    33.9647    26.1532 1.7094e-01     0.0344      0.766    1488.71     79.241     5.0435  0.000e+00
     20.729     9.9420    33.9639    26.1527 1.7094e-01     0.0332      0.784    1488.71     79.298     5.0472  0.000e+00
     20.753     9.9415    33.9626    26.1518 1.7094e-01     0.0307      0.802    1488.70     79.300     5.0475  0.000e+00
     20.776     9.9416    33.9629    26.1520 1.7094e-01     0.0307      0.810    1488.70     79.303     5.0476  0.000e+00
     20.778     9.9419    33.9631    26.1521 1.7094e-01     0.0344      0.835    1488.70     79.244     5.0438  0.000e+00
     20.813     9.9420    33.9628    26.1518 1.7094e-01     0.0368      0.857    1488.71     79.239     5.0435  0.000e+00
     20.813     9.9431    33.9625    26.1514 1.7094e-01     0.0393      0.842    1488.71     79.295     5.0469  0.000e+00
     20.836     9.9422    33.9625    26.1516 1.8315e-01     0.0393      0.817    1488.71     79.236     5.0433  0.000e+00
     20.860     9.9420    33.9618    26.1511 1.7094e-01     0.0368      0.799    1488.70     79.291     5.0469  0.000e+00
     20.872     9.9409    33.9645    26.1533 1.7094e-01     0.0344      0.780    1488.70     79.293     5.0470  0.000e+00
     20.886     9.9390    33.9679    26.1563 1.7094e-01     0.0344      0.777    1488.70     79.294     5.0471  0.000e+00
     20.920     9.9366    33.9700    26.1584 1.7094e-01     0.0332      0.777    1488.70     79.295     5.0474  0.000e+00
     20.932     9.9354    33.9704    26.1588 1.7094e-01     0.0320      0.769    1488.69     79.234     5.0437  0.000e+00
     20.945     9.9362    33.9693    26.1578 1.7094e-01     0.0295      0.762    1488.69     79.289     5.0471  0.000e+00
     20.969     9.9361    33.9695    26.1581 1.7094e-01     0.0307      0.766    1488.69     79.289     5.0471  0.000e+00
     20.969     9.9362    33.9690    26.1576 1.8315e-01     0.0332      0.773    1488.69     79.296     5.0475  0.000e+00
     21.006     9.9375    33.9672    26.1560 1.8315e-01     0.0344      0.780    1488.70     79.296     5.0475  0.000e+00
     21.016     9.9426    33.9612    26.1505 1.7094e-01     0.0332      0.777    1488.71     79.295     5.0471  0.000e+00
     21.027     9.9478    33.9569    26.1462 1.7094e-01     0.0320      0.773    1488.72     79.301     5.0470  0.000e+00
     21.052     9.9452    33.9609    26.1498 1.7094e-01     0.0332      0.777    1488.72     79.307     5.0476  0.000e+00
     21.065     9.9408    33.9662    26.1547 1.7094e-01     0.0344      0.784    1488.71     79.314     5.0483  0.000e+00
     21.076     9.9372    33.9706    26.1587 1.7094e-01     0.0332      0.784    1488.70     79.252     5.0446  0.000e+00
     21.102     9.9356    33.9731    26.1610 1.8315e-01     0.0344      0.780    1488.70     79.313     5.0486  0.000e+00
     21.125     9.9344    33.9745    26.1622 1.8315e-01     0.0344      0.780    1488.70     79.319     5.0491  0.000e+00
     21.125     9.9333    33.9756    26.1633 1.7094e-01     0.0344      0.784    1488.69     79.325     5.0495  0.000e+00
     21.160     9.9322    33.9760    26.1638 1.8315e-01     0.0356      0.795    1488.69     79.332     5.0500  0.000e+00
     21.160     9.9312    33.9773    26.1650 1.7094e-01     0.0356      0.806    1488.69     79.277     5.0466  0.000e+00
     21.196     9.9309    33.9778    26.1654 1.7094e-01     0.0344      0.802    1488.69     79.338     5.0505  0.000e+00
     21.196     9.9302    33.9786    26.1662 1.7094e-01     0.0320      0.795    1488.69     79.344     5.0510  0.000e+00
     21.233     9.9299    33.9790    26.1665 1.7094e-01     0.0320      0.788    1488.69     79.344     5.0510  0.000e+00
     21.220     9.9295    33.9798    26.1672 1.7094e-01     0.0320      0.777    1488.69     79.282     5.0471  0.000e+00
     21.256     9.9286    33.9799    26.1674 1.7094e-01     0.0320      0.769    1488.68     79.336     5.0506  0.000e+00
     21.280     9.9272    33.9802    26.1679 1.7094e-01     0.0320      0.769    1488.68     79.335     5.0507  0.000e+00
     21.280     9.9263    33.9807    26.1684 1.7094e-01     0.0332      0.766    1488.68     79.341     5.0511  0.000e+00
     21.303     9.9252    33.9817    26.1694 1.7094e-01     0.0332      0.773    1488.68     79.347     5.0516  0.000e+00
     21.327     9.9249    33.9815    26.1693 1.7094e-01     0.0332      0.784    1488.67     79.345     5.0515  0.000e+00
     21.339     9.9250    33.9807    26.1687 1.7094e-01     0.0332      0.795    1488.67     79.344     5.0515  0.000e+00
     21.342     9.9247    33.9800    26.1682 1.7094e-01     0.0320      0.806    1488.67     79.342     5.0514  0.000e+00
     21.376     9.9244    33.9798    26.1681 1.9536e-01     0.0295      0.824    1488.67     79.347     5.0518  0.000e+00
     21.387     9.9242    33.9796    26.1680 2.0757e-01     0.0307      0.821    1488.67     79.345     5.0516  0.000e+00
     21.412     9.9242    33.9792    26.1677 2.0757e-01     0.0307      0.802    1488.67     79.343     5.0515  0.000e+00
     21.423     9.9226    33.9807    26.1691 1.9536e-01     0.0307      0.788    1488.67     79.340     5.0515  0.000e+00
     21.447     9.9210    33.9824    26.1707 1.8315e-01     0.0344      0.777    1488.66     79.338     5.0514  0.000e+00
     21.447     9.9202    33.9833    26.1715 1.8315e-01     0.0332      0.773    1488.66     79.395     5.0552  0.000e+00
     21.472     9.9189    33.9838    26.1721 1.8315e-01     0.0320      0.769    1488.66     79.337     5.0516  0.000e+00
     21.507     9.9187    33.9832    26.1717 1.7094e-01     0.0344      0.773    1488.66     79.401     5.0557  0.000e+00
     21.497     9.9181    33.9831    26.1717 1.7094e-01     0.0356      0.777    1488.65     79.403     5.0559  0.000e+00
     21.531     9.9176    33.9829    26.1716 1.7094e-01     0.0344      0.777    1488.65     79.405     5.0561  0.000e+00
     21.543     9.9177    33.9825    26.1713 1.7094e-01     0.0356      0.773    1488.65     79.346     5.0523  0.000e+00
     21.554     9.9171    33.9827    26.1716 1.7094e-01     0.0356      0.780    1488.65     79.401     5.0559  0.000e+00
     21.579     9.9158    33.9840    26.1728 1.7094e-01     0.0356      0.799    1488.65     79.469     5.0603  0.000e+00
     21.591     9.9155    33.9839    26.1727 1.7094e-01     0.0344      0.810    1488.65     79.482     5.0612  0.000e+00
     21.614     9.9157    33.9832    26.1722 1.7094e-01     0.0344      0.810    1488.65     79.495     5.0620  0.000e+00
     21.627     9.9159    33.9832    26.1721 1.7094e-01     0.0332      0.813    1488.65     79.500     5.0623  0.000e+00
     21.650     9.9145    33.9845    26.1734 1.7094e-01     0.0320      0.821    1488.65     79.505     5.0628  0.000e+00
     21.664     9.9127    33.9867    26.1754 1.7094e-01     0.0320      0.810    1488.64     79.516     5.0636  0.000e+00
     21.687     9.9119    33.9872    26.1759 1.7094e-01     0.0344      0.795    1488.64     79.580     5.0677  0.000e+00
     21.698     9.9121    33.9868    26.1756 1.7094e-01     0.0344      0.784    1488.64     79.595     5.0687  0.000e+00
     21.710     9.9116    33.9873    26.1761 1.7094e-01     0.0344      0.769    1488.64     79.610     5.0696  0.000e+00
     21.723     9.9105    33.9880    26.1769 1.7094e-01     0.0320      0.766    1488.64     79.623     5.0706  0.000e+00
     21.747     9.9087    33.9900    26.1787 1.8315e-01     0.0307      0.773    1488.63     79.637     5.0716  0.000e+00
     21.758     9.9080    33.9906    26.1792 1.7094e-01     0.0320      0.784    1488.63     79.642     5.0720  0.000e+00
     21.794     9.9077    33.9907    26.1794 1.7094e-01     0.0320      0.795    1488.63     79.714     5.0766  0.000e+00
     21.783     9.9071    33.9909    26.1797 1.7094e-01     0.0344      0.795    1488.63     79.670     5.0738  0.000e+00
     21.818     9.9062    33.9916    26.1804 1.7094e-01     0.0332      0.784    1488.63     79.740     5.0784  0.000e+00
     21.830     9.9054    33.9924    26.1811 1.7094e-01     0.0332      0.777    1488.63     79.754     5.0794  0.000e+00
     21.854     9.9051    33.9922    26.1810 1.7094e-01     0.0307      0.773    1488.63     79.768     5.0803  0.000e+00
     21.844     9.9048    33.9922    26.1811 1.8315e-01     0.0307      0.769    1488.62     79.780     5.0811  0.000e+00
     21.903     9.9038    33.9927    26.1816 1.7094e-01     0.0295      0.766    1488.62     79.792     5.0819  0.000e+00
     21.914     9.9028    33.9937    26.1825 1.7094e-01     0.0307      0.766    1488.62     79.802     5.0827  0.000e+00
     21.914     9.9022    33.9939    26.1828 1.7094e-01     0.0320      0.762    1488.62     79.804     5.0829  0.000e+00
