Data/Skagerak/SK20181211/SK_20181211_08.cnv
* Sea-Bird SBE 9 Data File:
* FileName = C:\Documents and Settings\Boat\Desktop\OC4920_20181211\SK_20181211_08.hex
* Software Version Seasave V 7.20a
* Temperature SN = 2301
* Conductivity SN = 2401
* Number of Bytes Per Scan = 34
* Number of Voltage Words = 5
* Number of Scans Averaged by the Deck Unit = 1
* NMEA Latitude = 58 23.35 N
* NMEA Longitude = 011 34.35 E
* NMEA UTC (Time) = Apr 27 1999  11:56:36
** StationNumber:
** BottomDepth:
# nquan = 11
# nvalues = 31                          
# units = specified
# name 0 = latitude: Latitude [deg]
# name 1 = longitude: Longitude [deg]
# name 2 = sal00: Salinity, Practical [PSU]
# name 3 = t090C: Temperature [ITS-90, deg C]
# name 4 = c0S/m: Conductivity [S/m]
# name 5 = prDM: Pressure, Digiquartz [db]
# name 6 = sbeox0V: Oxygen raw, SBE 43 [V]
# name 7 = density00: Density [density, kg/m^3]
# name 8 = flECO-AFL: Fluorescence, WET Labs ECO-AFL/FL [mg/m^3]
# name 9 = timeJ: Julian Days
# name 10 = flag: flag
# span 0 =   58.38914,   58.38926       
# span 1 =   11.57263,   11.57278       
# span 2 =    24.1148,    34.2727       
# span 3 =     5.6954,    10.3455       
# span 4 =   2.431886,   3.727403       
# span 5 =      1.000,     31.000       
# span 6 =     1.9913,     3.2969       
# span 7 =  1018.9991,  1026.5464       
# span 8 =    -0.0005,     0.7851       
# span 9 = 345.539606, 345.540928       
# span 10 = 0.0000e+00, 0.0000e+00      
# interval = decibars: 1                
# start_time = Dec 11 2018 12:56:37 [System UpLoad Time]
# bad_flag = -9.990e-29
*END*
   58.38926   11.57263    24.1148     5.6954   2.431886      1.000     1.9913  1018.9991     0.7460 345.539606 0.0000e+00
   58.38924   11.57272    24.1362     5.7093   2.434802      2.000     2.0058  1019.0193     0.7637 345.539870 0.0000e+00
   58.38924   11.57274    24.7112     5.8443   2.496870      3.000     2.0213  1019.4637     0.7851 345.539891 0.0000e+00
   58.38924   11.57274    27.0080     7.0023   2.792349      4.000     2.0419  1021.1475     0.6802 345.539915 0.0000e+00
   58.38924   11.57274    28.4424     7.9810   3.002049      5.000     2.0595  1022.1536     0.5075 345.539938 0.0000e+00
   58.38924   11.57276    30.0942     9.1101   3.251882      6.000     2.0752  1023.2897     0.3884 345.539962 0.0000e+00
   58.38924   11.57276    31.2781     9.7364   3.420453      7.000     2.0632  1024.1217     0.2235 345.539985 0.0000e+00
   58.38924   11.57276    31.8958     9.9614   3.500970      8.000     2.0576  1024.5715     0.1981 345.540008 0.0000e+00
   58.38924   11.57276    32.6451    10.1907   3.595330      9.000     2.1079  1025.1226     0.1548 345.540031 0.0000e+00
   58.38924   11.57276    32.9497    10.2999   3.635362     10.000     2.1777  1025.3461     0.0963 345.540054 0.0000e+00
   58.38924   11.57276    33.1952    10.3214   3.661695     11.000     2.2581  1025.5383     0.0641 345.540077 0.0000e+00
   58.38924   11.57276    33.2937    10.3455   3.673697     12.000     2.3681  1025.6155     0.0594 345.540099 0.0000e+00
   58.38924   11.57276    33.5027    10.3388   3.693847     13.000     2.4788  1025.7842     0.0591 345.540122 0.0000e+00
   58.38922   11.57276    33.7124    10.2930   3.710436     14.000     2.6866  1025.9601     0.0304 345.540145 0.0000e+00
   58.38924   11.57276    33.7858    10.2709   3.715704     15.000     2.9347  1026.0256     0.0160 345.540167 0.0000e+00
   58.38924   11.57276    33.8356    10.2506   3.718796     16.000     3.1949  1026.0725     0.0236 345.540190 0.0000e+00
   58.38922   11.57274    33.8808    10.2468   3.722956     17.000     3.2969  1026.1130    -0.0005 345.540213 0.0000e+00
   58.38922   11.57274    33.9343    10.2068   3.724582     18.000     3.2142  1026.1661     0.0104 345.540236 0.0000e+00
   58.38922   11.57276    33.9738    10.1559   3.723823     19.000     3.0698  1026.2102     0.0212 345.540258 0.0000e+00
   58.38922   11.57276    34.0248    10.1075   3.724403     20.000     2.9223  1026.2628     0.0186 345.540281 0.0000e+00
   58.38922   11.57276    34.0579    10.0838   3.725514     21.000     2.8135  1026.2972     0.0341 345.540304 0.0000e+00
   58.38922   11.57276    34.0982    10.0481   3.726203     22.000     2.7546  1026.3392     0.0370 345.540327 0.0000e+00
   58.38921   11.57276    34.1164    10.0248   3.725886     23.000     2.6521  1026.3620     0.0301 345.540366 0.0000e+00
   58.38920   11.57276    34.1697     9.9844   3.727403     24.000     2.5813  1026.4149     0.0253 345.540437 0.0000e+00
   58.38920   11.57275    34.1815     9.9691   3.727185     25.000     2.5437  1026.4313     0.0319 345.540500 0.0000e+00
   58.38919   11.57275    34.1936     9.9476   3.726424     26.000     2.5378  1026.4489     0.0285 345.540567 0.0000e+00
   58.38918   11.57275    34.2175     9.9188   3.726128     27.000     2.5163  1026.4770     0.0176 345.540636 0.0000e+00
   58.38919   11.57274    34.2398     9.9009   3.726699     28.000     2.5162  1026.5020     0.0267 345.540707 0.0000e+00
   58.38916   11.57276    34.2580     9.8871   3.727242     29.000     2.5119  1026.5230     0.0380 345.540782 0.0000e+00
   58.38914   11.57278    34.2669     9.8762   3.727136     30.000     2.5012  1026.5363     0.0386 345.540861 0.0000e+00
   58.38914   11.57278    34.2727     9.8709   3.727261     31.000     2.4418  1026.5464     0.0357 345.540928 0.0000e+00
