Data/Skagerak/SK20181211/SK_20181211_13.cnv
* Sea-Bird SBE 9 Data File:
* FileName = C:\Documents and Settings\Boat\Desktop\OC4920_20181211\SK_20181211_13.hex
* Software Version Seasave V 7.20a
* Temperature SN = 2301
* Conductivity SN = 2401
* Number of Bytes Per Scan = 34
* Number of Voltage Words = 5
* Number of Scans Averaged by the Deck Unit = 1
* NMEA Latitude = 58 19.63 N
* NMEA Longitude = 011 33.06 E
* NMEA UTC (Time) = Apr 27 1999  13:22:08
** StationNumber:
** BottomDepth:
# nquan = 11
# nvalues = 115                         
# units = specified
# name 0 = latitude: Latitude [deg]
# name 1 = longitude: Longitude [deg]
# name 2 = sal00: Salinity, Practical [PSU]
# name 3 = t090C: Temperature [ITS-90, deg C]
# name 4 = c0S/m: Conductivity [S/m]
# name 5 = prDM: Pressure, Digiquartz [db]
# name 6 = sbeox0V: Oxygen raw, SBE 43 [V]
# name 7 = density00: Density [density, kg/m^3]
# name 8 = flECO-AFL: Fluorescence, WET Labs ECO-AFL/FL [mg/m^3]
# name 9 = timeS: Time, Elapsed [seconds]
# name 10 = flag: flag
# span 0 =   58.32713,   58.32730       
# span 1 =   11.55108,   11.55138       
# span 2 =    22.8548,    34.5231       
# span 3 =     5.6285,    10.1842       
# span 4 =   2.311319,   3.728159       
# span 5 =      1.000,    114.000       
# span 6 =     1.4948,     4.0215       
# span 7 =  1018.0122,  1027.5792       
# span 8 =    -0.0036,     0.8383       
# span 9 =     23.914,    296.327       
# span 10 = 0.0000e+00, 0.0000e+00      
# interval = decibars: 1                
# start_time = Dec 11 2018 14:22:10 [System UpLoad Time]
# bad_flag = -9.990e-29
*END*
   58.32730   11.55109    22.8548     5.6285   2.311319      1.000     1.9049  1018.0122     0.8383     23.914 0.0000e+00
   58.32728   11.55108    24.0993     6.0459   2.455395      2.000     1.9538  1018.9527     0.7326     52.434 0.0000e+00
   58.32728   11.55108    28.1061     7.6125   2.940814      3.000     1.9610  1021.9312     0.5625     54.056 0.0000e+00
   58.32727   11.55109    28.5617     8.0095   3.015358      4.000     1.9572  1022.2394     0.4907     56.023 0.0000e+00
   58.32726   11.55110    30.0274     8.5757   3.201573      5.000     1.9649  1023.3119     0.3922     58.081 0.0000e+00
   58.32727   11.55110    31.3278     8.7707   3.342760      6.000     2.0649  1024.3062     0.2987     60.102 0.0000e+00
   58.32728   11.55110    31.6028     8.9505   3.384742      7.000     2.2100  1024.4985     0.2773     62.063 0.0000e+00
   58.32728   11.55110    32.0277     9.3051   3.456581      8.000     2.3433  1024.7804     0.2196     64.056 0.0000e+00
   58.32728   11.55110    32.3956     9.5409   3.513167      9.000     2.4853  1025.0348     0.1581     66.049 0.0000e+00
   58.32728   11.55110    33.0706     9.8799   3.609567     10.000     2.6305  1025.5107     0.1080     68.039 0.0000e+00
   58.32727   11.55110    33.4075    10.1842   3.670219     11.000     2.8307  1025.7273     0.0668     70.011 0.0000e+00
   58.32726   11.55110    33.5663    10.1405   3.681961     12.000     3.1881  1025.8632     0.0322     71.993 0.0000e+00
   58.32726   11.55111    33.6773    10.1201   3.691069     13.000     3.7273  1025.9578     0.0223     73.997 0.0000e+00
   58.32726   11.55112    33.7473    10.1106   3.697128     14.000     4.0215  1026.0185     0.0221     75.985 0.0000e+00
   58.32726   11.55112    33.8892    10.0322   3.703909     15.000     3.9722  1026.1471     0.0278     77.952 0.0000e+00
   58.32726   11.55112    33.9760     9.9736   3.707077     16.000     3.8060  1026.2293     0.0105     79.944 0.0000e+00
   58.32726   11.55112    34.0169     9.9564   3.709533     17.000     3.6147  1026.2687     0.0080     81.942 0.0000e+00
   58.32726   11.55113    34.0496     9.9273   3.710091     18.000     3.4207  1026.3036     0.0176     83.932 0.0000e+00
   58.32726   11.55114    34.0804     9.9056   3.711138     19.000     3.1956  1026.3359     0.0175     85.902 0.0000e+00
   58.32726   11.55114    34.1005     9.9008   3.712714     20.000     3.0533  1026.3569     0.0146     87.889 0.0000e+00
   58.32725   11.55115    34.1349     9.8961   3.715692     21.000     2.9535  1026.3892    -0.0036     89.904 0.0000e+00
   58.32724   11.55116    34.1393     9.8464   3.711564     22.000     2.8443  1026.4055     0.0185     91.889 0.0000e+00
   58.32724   11.55117    34.1520     9.8634   3.714420     23.000     2.7815  1026.4171     0.0305     93.902 0.0000e+00
   58.32724   11.55118    34.1735     9.8635   3.716572     24.000     2.8088  1026.4384     0.0284     95.973 0.0000e+00
   58.32724   11.55119    34.1790     9.8283   3.713886     25.000     2.7813  1026.4531     0.0250     97.953 0.0000e+00
   58.32724   11.55120    34.1822     9.7685   3.708714     26.000     2.7793  1026.4702     0.0275     99.903 0.0000e+00
   58.32724   11.55120    34.1901     9.7545   3.708231     27.000     2.7354  1026.4833     0.0208    101.927 0.0000e+00
   58.32724   11.55121    34.2070     9.7653   3.710927     28.000     2.7083  1026.4992     0.0192    104.007 0.0000e+00
   58.32724   11.55123    34.2196     9.7890   3.714390     29.000     2.6858  1026.5096     0.0248    106.010 0.0000e+00
   58.32724   11.55125    34.2330     9.7841   3.715293     30.000     2.7117  1026.5254     0.0238    107.935 0.0000e+00
   58.32724   11.55127    34.2678     9.7892   3.719196     31.000     2.7178  1026.5563     0.0335    110.010 0.0000e+00
   58.32724   11.55129    34.2916     9.7932   3.721932     32.000     2.6979  1026.5787     0.0173    112.107 0.0000e+00
   58.32724   11.55130    34.3002     9.7949   3.722981     33.000     2.6897  1026.5897     0.0286    114.011 0.0000e+00
   58.32724   11.55130    34.3060     9.7965   3.723726     34.000     2.6825  1026.5984     0.0247    115.907 0.0000e+00
   58.32724   11.55130    34.3193     9.7885   3.724327     35.000     2.6550  1026.6147     0.0248    117.935 0.0000e+00
   58.32724   11.55131    34.3325     9.7687   3.723814     36.000     2.6887  1026.6329     0.0159    119.966 0.0000e+00
   58.32723   11.55133    34.3396     9.7645   3.724158     37.000     2.7028  1026.6437     0.0183    121.870 0.0000e+00
   58.32722   11.55134    34.3406     9.7642   3.724267     38.000     2.6975  1026.6490     0.0259    123.768 0.0000e+00
   58.32722   11.55135    34.3448     9.7647   3.724769     39.000     2.7071  1026.6567     0.0302    125.761 0.0000e+00
   58.32722   11.55136    34.3509     9.7728   3.726163     40.000     2.7311  1026.6647     0.0120    127.745 0.0000e+00
   58.32722   11.55136    34.3562     9.7628   3.725792     41.000     2.7342  1026.6750     0.0234    129.614 0.0000e+00
   58.32722   11.55136    34.3682     9.7511   3.725915     42.000     2.7258  1026.6909     0.0369    131.513 0.0000e+00
   58.32722   11.55136    34.3813     9.7243   3.724749     43.000     2.7385  1026.7102     0.0241    133.505 0.0000e+00
   58.32721   11.55136    34.3845     9.7114   3.723906     44.000     2.7415  1026.7194     0.0095    135.464 0.0000e+00
   58.32720   11.55136    34.3881     9.7066   3.723851     45.000     2.6940  1026.7275     0.0174    137.359 0.0000e+00
   58.32720   11.55136    34.4030     9.7140   3.726035     46.000     2.7011  1026.7424     0.0239    139.268 0.0000e+00
   58.32720   11.55136    34.4274     9.7109   3.728159     47.000     2.6863  1026.7665     0.0150    141.255 0.0000e+00
   58.32720   11.55136    34.4335     9.7002   3.727812     48.000     2.6800  1026.7777     0.0344    143.231 0.0000e+00
   58.32720   11.55136    34.4399     9.6919   3.727706     49.000     2.7295  1026.7886     0.0180    145.136 0.0000e+00
   58.32718   11.55136    34.4465     9.6846   3.727709     50.000     2.7057  1026.7995     0.0311    147.053 0.0000e+00
   58.32718   11.55136    34.4495     9.6741   3.727071     51.000     2.6832  1026.8082     0.0249    149.042 0.0000e+00
   58.32718   11.55136    34.4545     9.6638   3.726630     52.000     2.6920  1026.8183     0.0248    151.020 0.0000e+00
   58.32718   11.55136    34.4633     9.6452   3.725803     53.000     2.6852  1026.8328     0.0307    152.931 0.0000e+00
   58.32718   11.55134    34.4764     9.6090   3.723751     54.000     2.7312  1026.8537     0.0298    154.860 0.0000e+00
   58.32718   11.55134    34.4862     9.5711   3.721214     55.000     2.7181  1026.8722     0.0203    156.848 0.0000e+00
   58.32718   11.55134    34.4930     9.5529   3.720227     56.000     2.7055  1026.8851     0.0344    158.826 0.0000e+00
   58.32716   11.55134    34.5057     9.5690   3.722993     57.000     2.7036  1026.8968     0.0232    160.751 0.0000e+00
   58.32716   11.55134    34.5112     9.5774   3.724349     58.000     2.6707  1026.9042     0.0243    162.685 0.0000e+00
   58.32716   11.55134    34.5108     9.5321   3.720143     59.000     2.6473  1026.9160     0.0274    164.653 0.0000e+00
   58.32716   11.55134    34.5217     9.5049   3.718710     60.000     2.6836  1026.9336     0.0242    166.608 0.0000e+00
   58.32716   11.55134    34.5231     9.4568   3.714406     61.000     2.6647  1026.9472     0.0311    168.516 0.0000e+00
   58.32716   11.55134    34.5114     9.3363   3.702106     62.000     2.6283  1026.9625     0.0246    170.447 0.0000e+00
   58.32716   11.55134    34.4948     9.1421   3.682505     63.000     2.6311  1026.9859     0.0323    172.415 0.0000e+00
   58.32716   11.55134    34.4862     8.9518   3.664077     64.000     2.6034  1027.0144     0.0303    174.372 0.0000e+00
   58.32716   11.55134    34.4706     8.6813   3.637617     65.000     2.5965  1027.0498     0.0373    176.280 0.0000e+00
   58.32716   11.55134    34.4577     8.4159   3.611940     66.000     2.5836  1027.0857     0.0373    178.200 0.0000e+00
   58.32716   11.55134    34.4498     8.2405   3.595093     67.000     2.5229  1027.1111     0.0486    180.155 0.0000e+00
   58.32716   11.55134    34.4461     7.9887   3.571649     68.000     2.5059  1027.1510     0.0543    182.111 0.0000e+00
   58.32716   11.55134    34.4440     7.7049   3.545470     69.000     2.4638  1027.1961     0.0595    184.041 0.0000e+00
   58.32716   11.55134    34.4383     7.4383   3.520608     70.000     2.4460  1027.2351     0.0658    185.957 0.0000e+00
   58.32716   11.55135    34.4381     7.3212   3.509942     71.000     2.3959  1027.2564     0.0741    187.918 0.0000e+00
   58.32716   11.55136    34.4384     7.2705   3.505397     72.000     2.3535  1027.2685     0.0614    189.897 0.0000e+00
   58.32716   11.55136    34.4346     7.1792   3.496762     73.000     2.3035  1027.2830     0.0655    191.841 0.0000e+00
   58.32715   11.55136    34.4342     7.1221   3.491569     74.000     2.2540  1027.2953     0.0754    193.767 0.0000e+00
   58.32714   11.55136    34.4345     7.1022   3.489832     75.000     2.2269  1027.3030     0.0613    195.726 0.0000e+00
   58.32714   11.55136    34.4372     7.0621   3.486470     76.000     2.1985  1027.3153     0.0829    197.703 0.0000e+00
   58.32714   11.55135    34.4372     7.0061   3.481413     77.000     2.1865  1027.3278     0.0697    199.641 0.0000e+00
   58.32714   11.55135    34.4391     6.9701   3.478368     78.000     2.1576  1027.3389     0.0672    201.584 0.0000e+00
   58.32714   11.55135    34.4389     6.9492   3.476492     79.000     2.1164  1027.3462     0.0673    203.552 0.0000e+00
   58.32714   11.55135    34.4390     6.9385   3.475564     80.000     2.0805  1027.3524     0.0677    205.523 0.0000e+00
   58.32714   11.55136    34.4394     6.9310   3.474963     81.000     2.0494  1027.3583     0.0732    207.476 0.0000e+00
   58.32713   11.55135    34.4398     6.9203   3.474074     82.000     2.0402  1027.3647     0.0807    209.420 0.0000e+00
   58.32713   11.55135    34.4386     6.8986   3.472039     83.000     2.0047  1027.3714     0.0755    211.380 0.0000e+00
   58.32714   11.55136    34.4381     6.8446   3.467128     84.000     1.9828  1027.3830     0.0774    213.311 0.0000e+00
   58.32714   11.55136    34.4385     6.8137   3.464403     85.000     1.9696  1027.3922     0.0891    215.277 0.0000e+00
   58.32714   11.55136    34.4397     6.7977   3.463108     86.000     1.9325  1027.4000     0.0780    217.229 0.0000e+00
   58.32714   11.55136    34.4405     6.7857   3.462124     87.000     1.9154  1027.4068     0.0926    219.207 0.0000e+00
   58.32714   11.55136    34.4416     6.7747   3.461277     88.000     1.8919  1027.4137     0.0803    221.223 0.0000e+00
   58.32714   11.55136    34.4440     6.7585   3.460070     89.000     1.8724  1027.4224     0.0745    223.225 0.0000e+00
   58.32714   11.55138    34.4449     6.7512   3.459537     90.000     1.8559  1027.4288     0.0862    225.245 0.0000e+00
   58.32714   11.55138    34.4440     6.7327   3.457812     91.000     1.8307  1027.4352     0.0945    227.255 0.0000e+00
   58.32714   11.55138    34.4450     6.7150   3.456341     92.000     1.8006  1027.4430     0.0779    229.274 0.0000e+00
   58.32714   11.55138    34.4491     6.7093   3.456245     93.000     1.7817  1027.4516     0.0985    231.269 0.0000e+00
   58.32714   11.55138    34.4493     6.6933   3.454858     94.000     1.7589  1027.4585     0.0958    233.274 0.0000e+00
   58.32714   11.55137    34.4491     6.6866   3.454274     95.000     1.7432  1027.4639     0.0881    235.290 0.0000e+00
   58.32714   11.55136    34.4522     6.6832   3.454284     96.000     1.7172  1027.4713     0.0898    237.302 0.0000e+00
   58.32715   11.55137    34.4541     6.6811   3.454310     97.000     1.6927  1027.4777     0.0745    239.297 0.0000e+00
   58.32715   11.55138    34.4541     6.6753   3.453835     98.000     1.6680  1027.4831     0.0879    241.304 0.0000e+00
   58.32714   11.55138    34.4549     6.6729   3.453734     99.000     1.6491  1027.4887     0.0805    243.312 0.0000e+00
   58.32714   11.55138    34.4566     6.6728   3.453926    100.000     1.6324  1027.4946     0.0899    245.328 0.0000e+00
   58.32716   11.55138    34.4583     6.6708   3.453938    101.000     1.6209  1027.5008     0.0827    247.318 0.0000e+00
   58.32716   11.55138    34.4619     6.6683   3.454079    102.000     1.6019  1027.5085     0.0900    249.313 0.0000e+00
   58.32716   11.55138    34.4639     6.6666   3.454152    103.000     1.5895  1027.5150     0.1051    251.336 0.0000e+00
   58.32716   11.55137    34.4652     6.6657   3.454240    104.000     1.5766  1027.5207     0.0914    253.329 0.0000e+00
   58.32716   11.55137    34.4685     6.6651   3.454529    105.000     1.5617  1027.5280     0.1071    255.331 0.0000e+00
   58.32716   11.55138    34.4716     6.6620   3.454561    106.000     1.5492  1027.5354     0.0919    257.325 0.0000e+00
   58.32716   11.55138    34.4731     6.6603   3.454596    107.000     1.5441  1027.5415     0.0874    259.346 0.0000e+00
   58.32716   11.55138    34.4741     6.6600   3.454704    108.000     1.5361  1027.5468     0.0950    261.356 0.0000e+00
   58.32716   11.55137    34.4753     6.6610   3.454945    109.000     1.5298  1027.5522     0.1018    263.346 0.0000e+00
   58.32716   11.55136    34.4772     6.6616   3.455216    110.000     1.5269  1027.5582     0.1086    265.356 0.0000e+00
   58.32716   11.55137    34.4796     6.6622   3.455526    111.000     1.5242  1027.5646     0.1087    267.366 0.0000e+00
   58.32716   11.55138    34.4806     6.6625   3.455690    112.000     1.5255  1027.5699     0.1103    269.363 0.0000e+00
   58.32716   11.55138    34.4808     6.6627   3.455779    113.000     1.5173  1027.5747     0.1175    271.709 0.0000e+00
   58.32716   11.55135    34.4808     6.6628   3.455832    114.000     1.5057  1027.5792     0.1197    275.823 0.0000e+00
   58.32716   11.55135    34.4792     6.6670   3.456035    113.000     1.4948  1027.5728     0.0400    296.327 0.0000e+00
