Data/Skagerak/SK20181211/SK_20181211_01.cnv
* Sea-Bird SBE 9 Data File:
* FileName = C:\Documents and Settings\Boat\Desktop\OC4920_20181211\SK_20181211_01.hex
* Software Version Seasave V 7.20a
* Temperature SN = 2301
* Conductivity SN = 2401
* Number of Bytes Per Scan = 34
* Number of Voltage Words = 5
* Number of Scans Averaged by the Deck Unit = 1
* NMEA Latitude = 58 19.15 N
* NMEA Longitude = 011 32.56 E
* NMEA UTC (Time) = Apr 27 1999  09:25:50
** StationNumber:
** BottomDepth:
# nquan = 11
# nvalues = 117                         
# units = specified
# name 0 = latitude: Latitude [deg]
# name 1 = longitude: Longitude [deg]
# name 2 = sal00: Salinity, Practical [PSU]
# name 3 = t090C: Temperature [ITS-90, deg C]
# name 4 = c0S/m: Conductivity [S/m]
# name 5 = prDM: Pressure, Digiquartz [db]
# name 6 = sbeox0V: Oxygen raw, SBE 43 [V]
# name 7 = density00: Density [density, kg/m^3]
# name 8 = flECO-AFL: Fluorescence, WET Labs ECO-AFL/FL [mg/m^3]
# name 9 = upoly0: Upoly 0, Turbidity Sensor
# name 10 = flag: flag
# span 0 =   58.31916,   58.31922       
# span 1 =   11.54270,   11.54286       
# span 2 =    21.4459,    34.5019       
# span 3 =     5.1359,     9.7978       
# span 4 =   2.152307,   3.727413       
# span 5 =      1.000,    117.000       
# span 6 =     1.5863,     3.0386       
# span 7 =  1016.9417,  1027.5925       
# span 8 =     0.0057,     0.8760       
# span 9 =  0.7577453,  2.3344577       
# span 10 = 0.0000e+00, 0.0000e+00      
# interval = decibars: 1                
# start_time = Dec 11 2018 10:25:51 [System UpLoad Time]
# bad_flag = -9.990e-29
*END*
   58.31917   11.54270    21.4459     5.1359   2.152307      1.000     3.0386  1016.9417     0.8760  2.3344577 0.0000e+00
   58.31918   11.54270    22.7706     5.5215   2.297691      2.000     3.0211  1017.9584     0.8197  2.0744615 0.0000e+00
   58.31918   11.54270    26.7541     6.6740   2.744132      3.000     2.9426  1020.9831     0.6197  1.1873053 0.0000e+00
   58.31918   11.54270    27.9915     7.4295   2.916744      4.000     2.7420  1021.8675     0.5021  0.8593817 0.0000e+00
   58.31916   11.54272    30.2228     8.5653   3.219542      5.000     2.5833  1023.4664     0.3480  0.8942218 0.0000e+00
   58.31916   11.54272    31.9387     9.2700   3.444942      6.000     2.4378  1024.7069     0.2426  0.8857933 0.0000e+00
   58.31916   11.54272    32.4570     9.3344   3.500824      7.000     2.3553  1025.1067     0.1717  0.9221669 0.0000e+00
   58.31916   11.54272    32.8205     9.3434   3.536931      8.000     2.3431  1025.3940     0.1894  0.9445510 0.0000e+00
   58.31916   11.54272    33.3562     9.4633   3.599714      9.000     2.4338  1025.7980     0.1395  1.0147327 0.0000e+00
   58.31916   11.54272    33.4959     9.4812   3.614929     10.000     2.6404  1025.9088     0.1007  1.0974456 0.0000e+00
   58.31916   11.54272    33.5483     9.4755   3.619540     11.000     2.8166  1025.9552     0.0960  1.1444643 0.0000e+00
   58.31916   11.54272    33.6030     9.4299   3.620742     12.000     2.9013  1026.0100     0.1444  1.1335961 0.0000e+00
   58.31916   11.54272    33.6466     9.4222   3.624304     13.000     2.8809  1026.0498     0.1162  1.1474644 0.0000e+00
   58.31916   11.54272    33.6540     9.3798   3.621211     14.000     2.8422  1026.0671     0.1138  1.1771578 0.0000e+00
   58.31917   11.54272    33.6618     9.3337   3.617814     15.000     2.7966  1026.0852     0.1034  1.2722769 0.0000e+00
   58.31918   11.54272    33.7474     9.3195   3.624841     16.000     2.7614  1026.1588     0.0930  1.2352213 0.0000e+00
   58.31918   11.54272    33.8029     9.1456   3.614355     17.000     2.7402  1026.2349     0.1143  1.3167537 0.0000e+00
   58.31918   11.54272    33.8151     9.1520   3.616153     18.000     2.7145  1026.2480     0.1071  1.3469378 0.0000e+00
   58.31918   11.54274    33.8894     9.2417   3.631548     19.000     2.6950  1026.2963     0.1107  1.3914609 0.0000e+00
   58.31918   11.54272    33.9253     9.2854   3.639050     20.000     2.6483  1026.3218     0.0969  1.4076075 0.0000e+00
   58.31918   11.54272    33.9465     9.3475   3.646832     21.000     2.6063  1026.3328     0.0861  1.3758602 0.0000e+00
   58.31918   11.54274    33.9790     9.4571   3.660079     22.000     2.6116  1026.3449     0.0771  1.3267865 0.0000e+00
   58.31918   11.54272    34.0064     9.5391   3.670326     23.000     2.5959  1026.3574     0.0700  1.2646768 0.0000e+00
   58.31918   11.54272    34.0233     9.5862   3.676330     24.000     2.6217  1026.3673     0.0635  1.2462359 0.0000e+00
   58.31918   11.54272    34.0200     9.5616   3.673797     25.000     2.6370  1026.3734     0.0569  1.2442530 0.0000e+00
   58.31918   11.54272    34.0038     9.4165   3.658931     26.000     2.6398  1026.3891     0.0547  1.2820541 0.0000e+00
   58.31918   11.54272    34.0447     9.5304   3.673419     27.000     2.6586  1026.4069     0.0659  1.3043457 0.0000e+00
   58.31918   11.54272    34.0924     9.6490   3.689017     28.000     2.6717  1026.4291     0.0448  1.2731564 0.0000e+00
   58.31918   11.54272    34.1373     9.7141   3.699441     29.000     2.6407  1026.4578     0.0403  1.2584720 0.0000e+00
   58.31918   11.54273    34.1711     9.7104   3.702430     30.000     2.6326  1026.4894     0.0271  1.1959354 0.0000e+00
   58.31918   11.54274    34.1967     9.7322   3.706986     31.000     2.6611  1026.5103     0.0321  1.2052980 0.0000e+00
   58.31918   11.54274    34.2008     9.7351   3.707703     32.000     2.6764  1026.5176     0.0372  1.2035645 0.0000e+00
   58.31918   11.54274    34.1995     9.7332   3.707435     33.000     2.6650  1026.5213     0.0304  1.1956020 0.0000e+00
   58.31918   11.54275    34.2216     9.7603   3.712151     34.000     2.6774  1026.5386     0.0180  1.2113492 0.0000e+00
   58.31918   11.54276    34.2428     9.7824   3.716302     35.000     2.6787  1026.5560     0.0315  1.1218794 0.0000e+00
   58.31918   11.54276    34.2576     9.7803   3.717598     36.000     2.6553  1026.5724     0.0250  1.0904215 0.0000e+00
   58.31918   11.54276    34.2808     9.7773   3.719621     37.000     2.6682  1026.5956     0.0057  1.0541387 0.0000e+00
   58.31918   11.54276    34.2950     9.7878   3.722025     38.000     2.6892  1026.6094     0.0183  1.0665189 0.0000e+00
   58.31918   11.54276    34.3168     9.7978   3.725127     39.000     2.6842  1026.6294     0.0248  1.0001878 0.0000e+00
   58.31918   11.54276    34.3329     9.7836   3.725416     40.000     2.6723  1026.6488     0.0302  1.0057175 0.0000e+00
   58.31918   11.54276    34.3502     9.7564   3.724616     41.000     2.6830  1026.6714     0.0124  1.0367339 0.0000e+00
   58.31918   11.54276    34.3747     9.7473   3.726199     42.000     2.6893  1026.6966     0.0126  1.0247050 0.0000e+00
   58.31918   11.54276    34.3824     9.7477   3.727043     43.000     2.7305  1026.7071     0.0178  0.9941391 0.0000e+00
   58.31918   11.54276    34.3860     9.7348   3.726230     44.000     2.7119  1026.7166     0.0186  1.0426408 0.0000e+00
   58.31918   11.54276    34.3896     9.7164   3.724914     45.000     2.6858  1026.7271     0.0123  1.0545255 0.0000e+00
   58.31918   11.54276    34.3978     9.7151   3.725639     46.000     2.7057  1026.7382     0.0060  1.0581875 0.0000e+00
   58.31918   11.54276    34.4068     9.7105   3.726132     47.000     2.6965  1026.7505     0.0179  1.0057379 0.0000e+00
   58.31918   11.54276    34.4158     9.6983   3.725916     48.000     2.7091  1026.7642     0.0242  1.0433172 0.0000e+00
   58.31918   11.54276    34.4237     9.7002   3.726901     49.000     2.6970  1026.7746     0.0133  1.0753070 0.0000e+00
   58.31918   11.54276    34.4305     9.6980   3.727404     50.000     2.6906  1026.7848     0.0170  1.0757894 0.0000e+00
   58.31918   11.54276    34.4367     9.6912   3.727413     51.000     2.7084  1026.7952     0.0298  1.0529904 0.0000e+00
   58.31918   11.54276    34.4428     9.6729   3.726353     52.000     2.6869  1026.8077     0.0256  1.0515376 0.0000e+00
   58.31918   11.54278    34.4519     9.6659   3.726620     53.000     2.7203  1026.8204     0.0235  1.0309781 0.0000e+00
   58.31918   11.54278    34.4626     9.6586   3.727025     54.000     2.7150  1026.8345     0.0240  1.0508816 0.0000e+00
   58.31918   11.54278    34.4691     9.6409   3.726049     55.000     2.7320  1026.8471     0.0293  1.0358342 0.0000e+00
   58.31918   11.54278    34.4819     9.6111   3.724565     56.000     2.7074  1026.8667     0.0325  1.0547597 0.0000e+00
   58.31918   11.54278    34.4964     9.5846   3.723547     57.000     2.6496  1026.8869     0.0137  1.1044005 0.0000e+00
   58.31918   11.54278    34.4913     9.5389   3.718838     58.000     2.6443  1026.8951     0.0290  1.1295507 0.0000e+00
   58.31918   11.54278    34.4929     9.4603   3.711720     59.000     2.6597  1026.9139     0.0296  1.0709445 0.0000e+00
   58.31918   11.54278    34.4999     9.3734   3.704350     60.000     2.6371  1026.9383     0.0236  1.0717871 0.0000e+00
   58.31918   11.54278    34.4938     9.2432   3.691711     61.000     2.5875  1026.9595     0.0327  1.0831759 0.0000e+00
   58.31918   11.54278    34.5019     9.1329   3.682292     62.000     2.5818  1026.9883     0.0264  1.0634428 0.0000e+00
   58.31918   11.54278    34.4948     8.9844   3.667876     63.000     2.5664  1027.0113     0.0491  1.0636345 0.0000e+00
   58.31918   11.54278    34.4724     8.7363   3.642817     64.000     2.5549  1027.0379     0.0547  1.0069730 0.0000e+00
   58.31916   11.54280    34.4608     8.5689   3.626303     65.000     2.5062  1027.0598     0.0461  0.9952576 0.0000e+00
   58.31918   11.54280    34.4472     8.3708   3.606794     66.000     2.5118  1027.0845     0.0418  0.9696860 0.0000e+00
   58.31918   11.54280    34.4583     8.2047   3.592597     67.000     2.4828  1027.1233     0.0455  0.9661307 0.0000e+00
   58.31918   11.54280    34.4366     7.8583   3.558807     68.000     2.4599  1027.1630     0.0638  0.9410894 0.0000e+00
   58.31916   11.54280    34.4509     7.7324   3.548631     69.000     2.4206  1027.1975     0.0583  0.9001506 0.0000e+00
   58.31916   11.54280    34.4358     7.5336   3.529094     70.000     2.3631  1027.2193     0.0620  0.9421317 0.0000e+00
   58.31918   11.54280    34.4310     7.3095   3.508225     71.000     2.3054  1027.2525     0.0614  0.8533329 0.0000e+00
   58.31918   11.54280    34.4288     7.2112   3.499114     72.000     2.2515  1027.2694     0.0562  0.8291275 0.0000e+00
   58.31918   11.54280    34.4392     7.1395   3.493560     73.000     2.2244  1027.2922     0.0638  0.8564987 0.0000e+00
   58.31918   11.54280    34.4379     7.1227   3.491961     74.000     2.1951  1027.2982     0.0685  0.8561660 0.0000e+00
   58.31918   11.54280    34.4365     7.1140   3.491088     75.000     2.1631  1027.3029     0.0669  0.8832298 0.0000e+00
   58.31918   11.54280    34.4357     7.0974   3.489548     76.000     2.1357  1027.3092     0.0734  0.9042858 0.0000e+00
   58.31918   11.54280    34.4382     7.0786   3.488105     77.000     2.1005  1027.3184     0.0673  0.8741833 0.0000e+00
   58.31918   11.54280    34.4349     7.0245   3.482927     78.000     2.0774  1027.3279     0.0672  0.9007575 0.0000e+00
   58.31918   11.54280    34.4332     6.9540   3.476411     79.000     2.0471  1027.3411     0.0678  0.8492235 0.0000e+00
   58.31918   11.54280    34.4340     6.9233   3.473734     80.000     2.0216  1027.3505     0.0667  0.8423766 0.0000e+00
   58.31918   11.54280    34.4348     6.9142   3.473017     81.000     2.0093  1027.3570     0.0706  0.8441625 0.0000e+00
   58.31918   11.54280    34.4348     6.9044   3.472181     82.000     1.9928  1027.3630     0.0851  0.8309475 0.0000e+00
   58.31918   11.54280    34.4348     6.8912   3.471023     83.000     1.9734  1027.3694     0.0797  0.8370802 0.0000e+00
   58.31918   11.54280    34.4343     6.8643   3.468575     84.000     1.9645  1027.3773     0.0805  0.8356037 0.0000e+00
   58.31920   11.54280    34.4333     6.8299   3.465410     85.000     1.9372  1027.3859     0.0720  0.8874394 0.0000e+00
   58.31918   11.54280    34.4335     6.7940   3.462203     86.000     1.9112  1027.3955     0.0756  0.8627633 0.0000e+00
   58.31920   11.54280    34.4360     6.7576   3.459176     87.000     1.8864  1027.4071     0.0699  0.8432345 0.0000e+00
   58.31920   11.54280    34.4356     6.7405   3.457633     88.000     1.8655  1027.4137     0.0666  0.7935160 0.0000e+00
   58.31920   11.54280    34.4357     6.7245   3.456226     89.000     1.8470  1027.4206     0.0738  0.8138457 0.0000e+00
   58.31920   11.54280    34.4358     6.7248   3.456311     90.000     1.8142  1027.4252     0.0684  0.7996388 0.0000e+00
   58.31920   11.54280    34.4366     6.7200   3.455991     91.000     1.7926  1027.4311     0.0917  0.8064817 0.0000e+00
   58.31920   11.54280    34.4376     6.7092   3.455154     92.000     1.7629  1027.4379     0.0725  0.7630238 0.0000e+00
   58.31920   11.54280    34.4385     6.7035   3.454764     93.000     1.7350  1027.4441     0.0712  0.7757232 0.0000e+00
   58.31920   11.54280    34.4399     6.6970   3.454335     94.000     1.7160  1027.4506     0.0776  0.7577453 0.0000e+00
   58.31920   11.54280    34.4425     6.6925   3.454211     95.000     1.6982  1027.4579     0.0853  0.8112965 0.0000e+00
   58.31920   11.54280    34.4456     6.6856   3.453912     96.000     1.6780  1027.4658     0.0738  0.7862085 0.0000e+00
   58.31920   11.54280    34.4482     6.6847   3.454108     97.000     1.6649  1027.4726     0.0734  0.8948012 0.0000e+00
   58.31920   11.54280    34.4491     6.6808   3.453880     98.000     1.6524  1027.4784     0.0724  0.9423747 0.0000e+00
   58.31920   11.54280    34.4516     6.6823   3.454294     99.000     1.6382  1027.4848     0.0793  0.7960878 0.0000e+00
   58.31922   11.54280    34.4540     6.6849   3.454790    100.000     1.6268  1027.4909     0.0789  0.7743904 0.0000e+00
   58.31922   11.54280    34.4549     6.6833   3.454770    101.000     1.6250  1027.4964     0.0938  0.7878619 0.0000e+00
   58.31922   11.54280    34.4567     6.6789   3.454569    102.000     1.6235  1027.5030     0.0883  0.7950440 0.0000e+00
   58.31922   11.54280    34.4602     6.6804   3.455076    103.000     1.6218  1027.5101     0.0750  0.8035650 0.0000e+00
   58.31922   11.54280    34.4640     6.6760   3.455063    104.000     1.6241  1027.5183     0.0849  0.8127639 0.0000e+00
   58.31922   11.54280    34.4661     6.6726   3.454987    105.000     1.6285  1027.5250     0.0914  0.8061908 0.0000e+00
   58.31922   11.54280    34.4681     6.6694   3.454920    106.000     1.6269  1027.5316     0.0781  0.8048237 0.0000e+00
   58.31922   11.54281    34.4707     6.6647   3.454768    107.000     1.6228  1027.5389     0.0896  0.8090423 0.0000e+00
   58.31922   11.54281    34.4711     6.6636   3.454760    108.000     1.6341  1027.5440     0.0888  0.8902182 0.0000e+00
   58.31922   11.54281    34.4702     6.6655   3.454896    109.000     1.6418  1027.5476     0.0917  0.8117625 0.0000e+00
   58.31921   11.54282    34.4726     6.6606   3.454718    110.000     1.6518  1027.5548     0.0940  0.8069100 0.0000e+00
   58.31921   11.54282    34.4765     6.6614   3.455175    111.000     1.6560  1027.5623     0.1134  0.8411468 0.0000e+00
   58.31922   11.54283    34.4787     6.6626   3.455527    112.000     1.6384  1027.5685     0.1022  0.8569220 0.0000e+00
   58.31922   11.54284    34.4793     6.6623   3.455609    113.000     1.6300  1027.5736     0.0976  0.8561750 0.0000e+00
   58.31922   11.54284    34.4796     6.6623   3.455679    114.000     1.6219  1027.5784     0.1023  0.8754739 0.0000e+00
   58.31922   11.54285    34.4798     6.6624   3.455742    115.000     1.6058  1027.5831     0.1015  0.8831058 0.0000e+00
   58.31922   11.54286    34.4799     6.6627   3.455823    116.000     1.5950  1027.5877     0.1017  0.9099930 0.0000e+00
   58.31922   11.54286    34.4802     6.6631   3.455937    117.000     1.5863  1027.5925     0.1143  1.1627358 0.0000e+00
