Data/Skagerak/SK20181211/SK_20181211_11.cnv
* Sea-Bird SBE 9 Data File:
* FileName = C:\Documents and Settings\Boat\Desktop\OC4920_20181211\SK_20181211_11.hex
* Software Version Seasave V 7.20a
* Temperature SN = 2301
* Conductivity SN = 2401
* Number of Bytes Per Scan = 34
* Number of Voltage Words = 5
* Number of Scans Averaged by the Deck Unit = 1
* NMEA Latitude = 58 24.82 N
* NMEA Longitude = 011 35.57 E
* NMEA UTC (Time) = Apr 27 1999  12:29:30
** StationNumber:
** BottomDepth:
# nquan = 11
# nvalues = 32                          
# units = specified
# name 0 = latitude: Latitude [deg]
# name 1 = longitude: Longitude [deg]
# name 2 = sal00: Salinity, Practical [PSU]
# name 3 = t090C: Temperature [ITS-90, deg C]
# name 4 = c0S/m: Conductivity [S/m]
# name 5 = prDM: Pressure, Digiquartz [db]
# name 6 = sbeox0V: Oxygen raw, SBE 43 [V]
# name 7 = density00: Density [density, kg/m^3]
# name 8 = flECO-AFL: Fluorescence, WET Labs ECO-AFL/FL [mg/m^3]
# name 9 = timeJ: Julian Days
# name 10 = flag: flag
# span 0 =   58.41370,   58.41378       
# span 1 =   11.59265,   11.59289       
# span 2 =    26.4096,    34.2422       
# span 3 =     6.2325,    10.3933       
# span 4 =   2.681589,   3.729354       
# span 5 =      1.000,     32.000       
# span 6 =     2.0169,     4.0114       
# span 7 =  1020.7479,  1026.5220       
# span 8 =     0.0007,     0.5882       
# span 9 = 345.562516, 345.563696       
# span 10 = 0.0000e+00, 0.0000e+00      
# interval = decibars: 1                
# start_time = Dec 11 2018 13:29:31 [System UpLoad Time]
# bad_flag = -9.990e-29
*END*
   58.41370   11.59289    26.4096     6.2325   2.681589      1.000     2.0477  1020.7479     0.5882 345.562516 0.0000e+00
   58.41370   11.59289    27.6638     7.2717   2.874719      2.000     2.0562  1021.6179     0.5046 345.562737 0.0000e+00
   58.41371   11.59288    28.7754     8.2044   3.051209      3.000     2.0709  1022.3751     0.4659 345.562771 0.0000e+00
   58.41372   11.59288    29.4474     8.6334   3.149961      4.000     2.0402  1022.8456     0.4111 345.562795 0.0000e+00
   58.41372   11.59288    29.4288     8.7162   3.154861      5.000     2.0229  1022.8237     0.3867 345.562817 0.0000e+00
   58.41372   11.59288    30.9388     9.5423   3.371122      6.000     2.0169  1023.8818     0.2691 345.562840 0.0000e+00
   58.41372   11.59287    32.5076    10.1541   3.578477      7.000     2.0872  1025.0122     0.1580 345.562863 0.0000e+00
   58.41372   11.59286    32.9536    10.3036   3.636004      8.000     2.1961  1025.3394     0.1370 345.562887 0.0000e+00
   58.41372   11.59286    33.1562    10.3457   3.659952      9.000     2.3040  1025.4947     0.0863 345.562910 0.0000e+00
   58.41373   11.59285    33.3113    10.3683   3.677425     10.000     2.4356  1025.6163     0.0680 345.562932 0.0000e+00
   58.41374   11.59284    33.4107    10.3630   3.686844     11.000     2.6278  1025.6992     0.0470 345.562956 0.0000e+00
   58.41374   11.59283    33.4783    10.3552   3.692876     12.000     3.0155  1025.7578     0.0301 345.562979 0.0000e+00
   58.41374   11.59282    33.5629    10.3737   3.703012     13.000     3.5028  1025.8251     0.0287 345.563001 0.0000e+00
   58.41376   11.59282    33.7204    10.3933   3.720449     14.000     3.9630  1025.9491     0.0187 345.563023 0.0000e+00
   58.41376   11.59282    33.8056    10.3511   3.725052     15.000     4.0114  1026.0273     0.0218 345.563047 0.0000e+00
   58.41376   11.59282    33.8425    10.3092   3.724889     16.000     3.8217  1026.0679     0.0055 345.563070 0.0000e+00
   58.41376   11.59280    33.8957    10.2686   3.726436     17.000     3.6522  1026.1208     0.0053 345.563092 0.0000e+00
   58.41376   11.59280    33.9662    10.2118   3.728196     18.000     3.4402  1026.1902     0.0457 345.563114 0.0000e+00
   58.41376   11.59280    34.0165    10.1442   3.726946     19.000     3.2322  1026.2455     0.0007 345.563138 0.0000e+00
   58.41376   11.59280    34.0354    10.1269   3.727242     20.000     3.0148  1026.2677     0.0017 345.563162 0.0000e+00
   58.41376   11.59280    34.0493    10.1050   3.726634     21.000     2.8916  1026.2869     0.0285 345.563183 0.0000e+00
   58.41376   11.59280    34.0707    10.0790   3.726367     22.000     2.7851  1026.3125     0.0215 345.563206 0.0000e+00
   58.41377   11.59278    34.1080    10.0411   3.726565     23.000     2.7159  1026.3527     0.0233 345.563231 0.0000e+00
   58.41378   11.59275    34.1265    10.0261   3.727037     24.000     2.6411  1026.3742     0.0281 345.563275 0.0000e+00
   58.41378   11.59274    34.1368    10.0156   3.727119     25.000     2.5841  1026.3885     0.0160 345.563332 0.0000e+00
   58.41378   11.59272    34.1575    10.0060   3.728293     26.000     2.5661  1026.4108     0.0293 345.563384 0.0000e+00
   58.41378   11.59271    34.1718     9.9828   3.727597     27.000     2.5671  1026.4305     0.0194 345.563434 0.0000e+00
   58.41378   11.59270    34.1897     9.9803   3.729161     28.000     2.5711  1026.4494     0.0282 345.563481 0.0000e+00
   58.41378   11.59270    34.2035     9.9674   3.729354     29.000     2.5636  1026.4669     0.0307 345.563527 0.0000e+00
   58.41378   11.59269    34.2176     9.9488   3.729063     30.000     2.5541  1026.4856     0.0359 345.563576 0.0000e+00
   58.41378   11.59267    34.2327     9.9268   3.728536     31.000     2.5530  1026.5056     0.0366 345.563637 0.0000e+00
   58.41378   11.59265    34.2422     9.9004   3.727056     32.000     2.5201  1026.5220     0.0618 345.563696 0.0000e+00
