Data/unprocessed_data/Skagerak/SK20181211/SK_20181211_14.cnv
* Sea-Bird SBE 9 Data File:
* FileName = C:\Documents and Settings\Boat\Desktop\OC4920_20181211\SK_20181211_14.hex
* Software Version Seasave V 7.20a
* Temperature SN = 2301
* Conductivity SN = 2401
* Number of Bytes Per Scan = 34
* Number of Voltage Words = 5
* Number of Scans Averaged by the Deck Unit = 1
* NMEA Latitude = 58 19.63 N
* NMEA Longitude = 011 33.09 E
* NMEA UTC (Time) = Apr 27 1999  13:30:04
** StationNumber:
** BottomDepth:
# nquan = 11
# nvalues = 1200                        
# units = specified
# name 0 = latitude: Latitude [deg]
# name 1 = longitude: Longitude [deg]
# name 2 = sal00: Salinity, Practical [PSU]
# name 3 = t090C: Temperature [ITS-90, deg C]
# name 4 = c0S/m: Conductivity [S/m]
# name 5 = prDM: Pressure, Digiquartz [db]
# name 6 = sbeox0V: Oxygen raw, SBE 43 [V]
# name 7 = density00: Density [density, kg/m^3]
# name 8 = flECO-AFL: Fluorescence, WET Labs ECO-AFL/FL [mg/m^3]
# name 9 = timeS: Time, Elapsed [seconds]
# name 10 = flag: flag
# span 0 =   58.32712,   58.32752       
# span 1 =   11.55153,   11.55196       
# span 2 =    34.3839,    34.4683       
# span 3 =     7.5622,     7.8789       
# span 4 =   3.530852,   3.559752       
# span 5 =     68.555,     68.734       
# span 6 =     1.5332,     1.5882       
# span 7 =  1027.1378,  1027.2093       
# span 8 =     0.0614,     0.1550       
# span 9 =      0.479,   1199.021       
# span 10 = 0.0000e+00, 0.0000e+00      
# interval = seconds: 1                 
# start_time = Dec 11 2018 14:30:05 [System UpLoad Time]
# bad_flag = -9.990e-29
*END*
[from data line 919]
   58.32732   11.55184    34.4399     7.7053   3.545118     68.690     1.5668  1027.1914     0.0961    919.479 0.0000e+00
   58.32732   11.55184    34.4374     7.7114   3.545446     68.689     1.5675  1027.1886     0.0727    920.479 0.0000e+00
   58.32732   11.55184    34.4410     7.7105   3.545690     68.690     1.5678  1027.1915     0.0768    921.479 0.0000e+00
   58.32732   11.55184    34.4375     7.7136   3.545654     68.692     1.5689  1027.1883     0.0834    922.479 0.0000e+00
   58.32732   11.55184    34.4394     7.7142   3.545886     68.692     1.5679  1027.1897     0.1052    923.479 0.0000e+00
   58.32732   11.55184    34.4353     7.7197   3.546014     68.694     1.5633  1027.1857     0.1022    924.479 0.0000e+00
   58.32732   11.55184    34.4319     7.7230   3.545999     68.692     1.5655  1027.1826     0.0884    925.479 0.0000e+00
   58.32732   11.55184    34.4354     7.7202   3.546065     68.691     1.5654  1027.1858     0.0859    926.479 0.0000e+00
   58.32732   11.55184    34.4361     7.7180   3.545928     68.687     1.5644  1027.1866     0.0727    927.479 0.0000e+00
   58.32732   11.55184    34.4369     7.7220   3.546365     68.683     1.5643  1027.1866     0.0645    928.479 0.0000e+00
   58.32732   11.55184    34.4346     7.7244   3.546379     68.684     1.5644  1027.1845     0.0803    929.479 0.0000e+00
   58.32732   11.55184    34.4370     7.7224   3.546417     68.686     1.5650  1027.1866     0.0925    930.479 0.0000e+00
   58.32732   11.55184    34.4334     7.7268   3.546479     68.681     1.5653  1027.1831     0.1001    931.479 0.0000e+00
   58.32732   11.55184    34.4329     7.7234   3.546127     68.686     1.5642  1027.1832     0.0783    932.479 0.0000e+00
   58.32732   11.55184    34.4328     7.7237   3.546148     68.684     1.5648  1027.1831     0.0854    933.479 0.0000e+00
   58.32732   11.55184    34.4379     7.7202   3.546291     68.689     1.5668  1027.1877     0.0778    934.479 0.0000e+00
   58.32732   11.55184    34.4385     7.7173   3.546088     68.684     1.5682  1027.1886     0.0884    935.479 0.0000e+00
   58.32732   11.55184    34.4346     7.7216   3.546120     68.683     1.5675  1027.1849     0.0890    936.479 0.0000e+00
   58.32732   11.55184    34.4313     7.7236   3.545993     68.684     1.5655  1027.1820     0.0778    937.479 0.0000e+00
   58.32732   11.55184    34.4322     7.7224   3.545963     68.686     1.5665  1027.1828     0.0879    938.479 0.0000e+00
   58.32732   11.55184    34.4297     7.7271   3.546162     68.684     1.5677  1027.1802     0.0884    939.479 0.0000e+00
   58.32732   11.55184    34.4333     7.7214   3.545982     68.686     1.5680  1027.1839     0.0798    940.479 0.0000e+00
   58.32732   11.55184    34.4338     7.7168   3.545606     68.691     1.5682  1027.1850     0.1047    941.479 0.0000e+00
   58.32732   11.55184    34.4336     7.7099   3.544956     68.687     1.5694  1027.1858     0.0732    942.479 0.0000e+00
   58.32732   11.55184    34.4329     7.7107   3.544962     68.686     1.5707  1027.1852     0.0773    943.479 0.0000e+00
   58.32732   11.55184    34.4321     7.7092   3.544754     68.687     1.5686  1027.1847     0.0762    944.479 0.0000e+00
   58.32732   11.55184    34.4321     7.7005   3.543955     68.686     1.5684  1027.1860     0.0732    945.479 0.0000e+00
   58.32732   11.55182    34.4370     7.6949   3.543891     68.687     1.5706  1027.1907     0.0737    946.479 0.0000e+00
   58.32732   11.55182    34.4361     7.6898   3.543342     68.689     1.5682  1027.1908     0.0900    947.479 0.0000e+00
   58.32732   11.55182    34.4321     7.6908   3.543070     68.694     1.5667  1027.1875     0.0874    948.479 0.0000e+00
   58.32732   11.55182    34.4337     7.6845   3.542637     68.689     1.5700  1027.1896     0.0762    949.479 0.0000e+00
   58.32732   11.55184    34.4382     7.6761   3.542279     68.691     1.5705  1027.1944     0.0727    950.479 0.0000e+00
   58.32732   11.55184    34.4356     7.6772   3.542147     68.688     1.5721  1027.1922     0.0859    951.479 0.0000e+00
   58.32732   11.55182    34.4371     7.6745   3.542040     68.688     1.5720  1027.1938     0.0742    952.479 0.0000e+00
   58.32732   11.55182    34.4357     7.6741   3.541871     68.685     1.5715  1027.1927     0.0737    953.479 0.0000e+00
   58.32732   11.55182    34.4268     7.6794   3.541525     68.689     1.5716  1027.1849     0.0752    954.479 0.0000e+00
   58.32732   11.55182    34.4324     7.6681   3.541016     68.688     1.5726  1027.1910     0.0910    955.479 0.0000e+00
   58.32732   11.55182    34.4329     7.6691   3.541152     68.689     1.5693  1027.1913     0.0778    956.479 0.0000e+00
   58.32732   11.55182    34.4364     7.6757   3.542081     68.693     1.5681  1027.1931     0.0757    957.479 0.0000e+00
   58.32732   11.55182    34.4347     7.6720   3.541583     68.691     1.5670  1027.1923     0.0849    958.479 0.0000e+00
   58.32732   11.55182    34.4293     7.6724   3.541131     68.685     1.5664  1027.1880     0.0757    959.479 0.0000e+00
   58.32732   11.55182    34.4287     7.6679   3.540653     68.683     1.5684  1027.1881     0.0991    960.479 0.0000e+00
   58.32732   11.55182    34.4285     7.6698   3.540806     68.688     1.5675  1027.1877     0.0925    961.479 0.0000e+00
   58.32730   11.55182    34.4283     7.6655   3.540397     68.688     1.5696  1027.1881     0.0752    962.479 0.0000e+00
   58.32730   11.55182    34.4302     7.6642   3.540461     68.688     1.5706  1027.1899     0.0757    963.479 0.0000e+00
   58.32730   11.55182    34.4317     7.6610   3.540296     68.693     1.5706  1027.1915     0.0757    964.479 0.0000e+00
   58.32730   11.55182    34.4291     7.6619   3.540137     68.688     1.5698  1027.1893     0.0869    965.479 0.0000e+00
   58.32730   11.55182    34.4306     7.6568   3.539814     68.690     1.5673  1027.1913     0.0905    966.479 0.0000e+00
   58.32730   11.55182    34.4261     7.6635   3.540019     68.688     1.5693  1027.1868     0.0813    967.479 0.0000e+00
   58.32732   11.55182    34.4230     7.6632   3.539695     68.688     1.5669  1027.1844     0.1001    968.479 0.0000e+00
   58.32732   11.55182    34.4283     7.6560   3.539530     68.688     1.5710  1027.1896     0.0930    969.479 0.0000e+00
   58.32730   11.55180    34.4273     7.6609   3.539882     68.690     1.5736  1027.1881     0.0783    970.479 0.0000e+00
   58.32730   11.55180    34.4274     7.6555   3.539395     68.691     1.5745  1027.1889     0.0854    971.479 0.0000e+00
   58.32730   11.55180    34.4298     7.6528   3.539373     68.685     1.5730  1027.1912     0.1083    972.479 0.0000e+00
   58.32730   11.55180    34.4283     7.6530   3.539249     68.685     1.5726  1027.1900     0.1134    973.479 0.0000e+00
   58.32730   11.55180    34.4281     7.6539   3.539314     68.688     1.5690  1027.1897     0.0792    974.479 0.0000e+00
   58.32730   11.55180    34.4305     7.6486   3.539053     68.683     1.5686  1027.1924     0.0716    975.479 0.0000e+00
   58.32730   11.55180    34.4271     7.6533   3.539169     68.685     1.5688  1027.1890     0.0757    976.479 0.0000e+00
   58.32730   11.55180    34.4299     7.6518   3.539286     68.685     1.5698  1027.1914     0.0747    977.479 0.0000e+00
   58.32730   11.55180    34.4272     7.6494   3.538831     68.690     1.5701  1027.1897     0.0722    978.479 0.0000e+00
   58.32730   11.55180    34.4297     7.6481   3.538936     68.685     1.5695  1027.1918     0.0727    979.479 0.0000e+00
   58.32730   11.55180    34.4285     7.6471   3.538734     68.687     1.5678  1027.1910     0.0732    980.479 0.0000e+00
   58.32730   11.55180    34.4258     7.6507   3.538811     68.685     1.5658  1027.1883     0.0711    981.479 0.0000e+00
   58.32730   11.55180    34.4318     7.6442   3.538781     68.684     1.5671  1027.1941     0.0818    982.479 0.0000e+00
   58.32730   11.55180    34.4243     7.6493   3.538546     68.682     1.5661  1027.1874     0.0945    983.479 0.0000e+00
   58.32730   11.55180    34.4238     7.6524   3.538784     68.685     1.5676  1027.1866     0.0890    984.479 0.0000e+00
   58.32730   11.55180    34.4310     7.6448   3.538754     68.685     1.5717  1027.1934     0.0768    985.479 0.0000e+00
   58.32730   11.55180    34.4238     7.6483   3.538410     68.684     1.5727  1027.1872     0.0818    986.479 0.0000e+00
   58.32730   11.55180    34.4295     7.6440   3.538543     68.687     1.5708  1027.1923     0.0890    987.479 0.0000e+00
   58.32730   11.55180    34.4296     7.6430   3.538458     68.689     1.5728  1027.1925     0.0834    988.479 0.0000e+00
   58.32730   11.55180    34.4275     7.6429   3.538252     68.687     1.5706  1027.1909     0.0768    989.479 0.0000e+00
   58.32730   11.55180    34.4300     7.6408   3.538293     68.681     1.5711  1027.1931     0.0844    990.479 0.0000e+00
   58.32730   11.55180    34.4285     7.6415   3.538224     68.684     1.5680  1027.1919     0.0884    991.479 0.0000e+00
   58.32730   11.55180    34.4286     7.6424   3.538313     68.682     1.5710  1027.1917     0.0818    992.479 0.0000e+00
   58.32730   11.55180    34.4252     7.6445   3.538196     68.691     1.5750  1027.1888     0.0747    993.479 0.0000e+00
   58.32730   11.55180    34.4278     7.6377   3.537811     68.705     1.5731  1027.1920     0.0808    994.479 0.0000e+00
   58.32730   11.55180    34.4288     7.6365   3.537794     68.716     1.5730  1027.1930     0.0895    995.479 0.0000e+00
   58.32730   11.55180    34.4277     7.6350   3.537546     68.717     1.5751  1027.1923     0.0884    996.479 0.0000e+00
   58.32730   11.55180    34.4289     7.6308   3.537284     68.712     1.5745  1027.1939     0.0823    997.479 0.0000e+00
   58.32730   11.55180    34.4294     7.6313   3.537375     68.697     1.5707  1027.1941     0.0803    998.479 0.0000e+00
   58.32730   11.55180    34.4285     7.6388   3.537975     68.689     1.5716  1027.1923     0.0895    999.479 0.0000e+00
   58.32730   11.55180    34.4327     7.6364   3.538143     68.694     1.5721  1027.1959     0.0940   1000.479 0.0000e+00
   58.32730   11.55180    34.4310     7.6354   3.537892     68.712     1.5707  1027.1948     0.1047   1001.479 0.0000e+00
   58.32732   11.55180    34.4360     7.6328   3.538121     68.724     1.5745  1027.1992     0.0925   1002.479 0.0000e+00
   58.32732   11.55180    34.4348     7.6397   3.538637     68.709     1.5736  1027.1972     0.0742   1003.479 0.0000e+00
   58.32732   11.55180    34.4353     7.6458   3.539237     68.660     1.5729  1027.1965     0.0793   1004.479 0.0000e+00
   58.32732   11.55180    34.4337     7.6459   3.539102     68.612     1.5724  1027.1950     0.0839   1005.479 0.0000e+00
   58.32734   11.55178    34.4359     7.6531   3.539963     68.578     1.5706  1027.1954     0.0849   1006.479 0.0000e+00
   58.32734   11.55178    34.4318     7.6447   3.538809     68.582     1.5708  1027.1935     0.0935   1007.479 0.0000e+00
   58.32734   11.55178    34.4300     7.6331   3.537591     68.614     1.5715  1027.1939     0.0783   1008.479 0.0000e+00
   58.32734   11.55178    34.4310     7.6254   3.536980     68.651     1.5724  1027.1960     0.0854   1009.479 0.0000e+00
   58.32734   11.55178    34.4294     7.6320   3.537432     68.670     1.5709  1027.1939     0.0752   1010.479 0.0000e+00
   58.32734   11.55178    34.4317     7.6279   3.537270     68.648     1.5718  1027.1962     0.0737   1011.479 0.0000e+00
   58.32734   11.55180    34.4305     7.6306   3.537410     68.611     1.5756  1027.1947     0.0727   1012.479 0.0000e+00
   58.32734   11.55180    34.4336     7.6277   3.537429     68.573     1.5748  1027.1974     0.0793   1013.479 0.0000e+00
   58.32736   11.55178    34.4311     7.6277   3.537185     68.555     1.5719  1027.1953     0.0869   1014.479 0.0000e+00
   58.32736   11.55178    34.4302     7.6255   3.536910     68.568     1.5675  1027.1950     0.0768   1015.479 0.0000e+00
   58.32734   11.55180    34.4297     7.6208   3.536437     68.603     1.5649  1027.1955     0.0737   1016.479 0.0000e+00
   58.32734   11.55180    34.4292     7.6129   3.535667     68.633     1.5713  1027.1963     0.0762   1017.479 0.0000e+00
   58.32736   11.55180    34.4308     7.6019   3.534807     68.642     1.5755  1027.1992     0.0737   1018.479 0.0000e+00
   58.32736   11.55180    34.4299     7.6002   3.534568     68.628     1.5734  1027.1987     0.0742   1019.479 0.0000e+00
   58.32736   11.55180    34.4308     7.5949   3.534170     68.603     1.5717  1027.2001     0.0752   1020.479 0.0000e+00
   58.32736   11.55180    34.4305     7.5984   3.534458     68.579     1.5745  1027.1992     0.0778   1021.479 0.0000e+00
   58.32736   11.55180    34.4296     7.5996   3.534482     68.574     1.5732  1027.1983     0.0732   1022.479 0.0000e+00
   58.32736   11.55180    34.4291     7.5968   3.534186     68.595     1.5749  1027.1985     0.0732   1023.479 0.0000e+00
   58.32736   11.55180    34.4290     7.5887   3.533442     68.627     1.5718  1027.1997     0.0727   1024.479 0.0000e+00
   58.32736   11.55180    34.4292     7.5853   3.533142     68.646     1.5696  1027.2005     0.0737   1025.479 0.0000e+00
   58.32738   11.55180    34.4291     7.5774   3.532408     68.660     1.5694  1027.2016     0.0727   1026.479 0.0000e+00
   58.32738   11.55180    34.4284     7.5759   3.532218     68.641     1.5718  1027.2012     0.0619   1027.479 0.0000e+00
   58.32738   11.55180    34.4296     7.5705   3.531828     68.622     1.5705  1027.2028     0.0783   1028.479 0.0000e+00
   58.32738   11.55180    34.4304     7.5706   3.531907     68.608     1.5706  1027.2033     0.0773   1029.479 0.0000e+00
   58.32738   11.55180    34.4284     7.5751   3.532131     68.612     1.5697  1027.2011     0.0768   1030.479 0.0000e+00
   58.32738   11.55180    34.4279     7.5680   3.531445     68.631     1.5708  1027.2019     0.0757   1031.479 0.0000e+00
   58.32738   11.55180    34.4272     7.5655   3.531152     68.659     1.5701  1027.2018     0.0762   1032.479 0.0000e+00
   58.32738   11.55180    34.4269     7.5634   3.530929     68.677     1.5729  1027.2020     0.0778   1033.479 0.0000e+00
   58.32740   11.55180    34.4272     7.5623   3.530852     68.673     1.5726  1027.2023     0.0757   1034.479 0.0000e+00
   58.32740   11.55180    34.4277     7.5629   3.530958     68.656     1.5719  1027.2026     0.0614   1035.479 0.0000e+00
   58.32740   11.55180    34.4288     7.5638   3.531146     68.638     1.5709  1027.2032     0.0854   1036.479 0.0000e+00
   58.32740   11.55180    34.4282     7.5663   3.531309     68.624     1.5720  1027.2023     0.0895   1037.479 0.0000e+00
   58.32740   11.55180    34.4273     7.5652   3.531133     68.631     1.5727  1027.2018     0.0762   1038.479 0.0000e+00
   58.32740   11.55180    34.4270     7.5643   3.531025     68.649     1.5706  1027.2018     0.0762   1039.479 0.0000e+00
   58.32740   11.55180    34.4264     7.5637   3.530910     68.673     1.5717  1027.2015     0.0732   1040.479 0.0000e+00
   58.32740   11.55180    34.4267     7.5630   3.530874     68.689     1.5734  1027.2019     0.0884   1041.479 0.0000e+00
   58.32742   11.55180    34.4276     7.5622   3.530884     68.681     1.5766  1027.2027     0.0762   1042.479 0.0000e+00
   58.32742   11.55180    34.4275     7.5636   3.531004     68.665     1.5756  1027.2024     0.0727   1043.479 0.0000e+00
   58.32742   11.55180    34.4274     7.5659   3.531199     68.651     1.5745  1027.2019     0.0864   1044.479 0.0000e+00
   58.32742   11.55180    34.4267     7.5676   3.531292     68.645     1.5747  1027.2011     0.1027   1045.479 0.0000e+00
   58.32742   11.55180    34.4268     7.5665   3.531209     68.650     1.5758  1027.2013     0.0910   1046.479 0.0000e+00
   58.32742   11.55180    34.4279     7.5665   3.531305     68.666     1.5768  1027.2022     0.0783   1047.479 0.0000e+00
   58.32742   11.55180    34.4268     7.5693   3.531464     68.683     1.5772  1027.2011     0.0874   1048.479 0.0000e+00
