Data/unprocessed_data/Skagerak/SK20181211/SK_20181211_03.cnv
* Sea-Bird SBE 9 Data File:
* FileName = C:\Documents and Settings\Boat\Desktop\OC4920_20181211\SK_20181211_03.hex
* Software Version Seasave V 7.20a
* Temperature SN = 2301
* Conductivity SN = 2401
* Number of Bytes Per Scan = 34
* Number of Voltage Words = 5
* Number of Scans Averaged by the Deck Unit = 1
* NMEA Latitude = 58 21.61 N
* NMEA Longitude = 011 34.99 E
* NMEA UTC (Time) = Apr 27 1999  10:14:26
** StationNumber:
** BottomDepth:
# nquan = 11
# nvalues = 84                          
# units = specified
# name 0 = latitude: Latitude [deg]
# name 1 = longitude: Longitude [deg]
# name 2 = sal00: Salinity, Practical [PSU]
# name 3 = t090C: Temperature [ITS-90, deg C]
# name 4 = c0S/m: Conductivity [S/m]
# name 5 = prDM: Pressure, Digiquartz [db]
# name 6 = sbeox0V: Oxygen raw, SBE 43 [V]
# name 7 = density00: Density [density, kg/m^3]
# name 8 = flECO-AFL: Fluorescence, WET Labs ECO-AFL/FL [mg/m^3]
# name 9 = upoly0: Upoly 0, Turbidity Sensor
# name 10 = flag: flag
# span 0 =   58.36022,   58.36025       
# span 1 =   11.58333,   11.58394       
# span 2 =    21.2377,    34.4639       
# span 3 =     5.5789,    10.0281       
# span 4 =   2.161781,   3.725367       
# span 5 =      1.000,     84.000       
# span 6 =     1.5053,     3.2318       
# span 7 =  1016.7325,  1027.3812       
# span 8 =     0.0032,     0.8556       
# span 9 =  0.7346724,  2.1543508       
# span 10 = 0.0000e+00, 0.0000e+00      
# interval = decibars: 1                
# start_time = Dec 11 2018 11:14:27 [System UpLoad Time]
# bad_flag = -9.990e-29
*END*
   58.36025   11.58333    21.2377     5.5789   2.161781      1.000     2.3121  1016.7325     0.8556  2.1543508 0.0000e+00
   58.36022   11.58340    26.1529     6.5736   2.680120      2.000     2.3790  1020.5188     0.6737  1.2900184 0.0000e+00
   58.36022   11.58346    26.9169     7.0018   2.783442      3.000     2.1147  1021.0722     0.5442  1.0035436 0.0000e+00
   58.36022   11.58349    27.8323     7.6437   2.917663      4.000     2.0612  1021.7160     0.4270  0.7346724 0.0000e+00
   58.36022   11.58350    28.9419     8.1847   3.066106      5.000     2.0390  1022.5165     0.4017  0.7664922 0.0000e+00
   58.36022   11.58350    30.9936     9.2691   3.352752      6.000     2.0326  1023.9686     0.2699  0.8184430 0.0000e+00
   58.36022   11.58350    31.9900     9.2019   3.443903      7.000     2.0198  1024.7626     0.2113  0.8789370 0.0000e+00
   58.36022   11.58351    32.3181     9.4306   3.495919      8.000     2.0277  1024.9872     0.1929  0.8730432 0.0000e+00
   58.36022   11.58352    32.8614     9.8539   3.586544      9.000     2.0740  1025.3474     0.1169  0.9203586 0.0000e+00
   58.36022   11.58353    33.1289     9.7595   3.604339     10.000     2.1244  1025.5764     0.1291  0.9246338 0.0000e+00
   58.36022   11.58354    33.2032     9.8163   3.616783     11.000     2.2010  1025.6296     0.0984  0.9409911 0.0000e+00
   58.36022   11.58355    33.3474     9.8712   3.635932     12.000     2.2991  1025.7376     0.1035  0.9395273 0.0000e+00
   58.36022   11.58356    33.5550     9.9888   3.667031     13.000     2.4257  1025.8845     0.0638  0.9486129 0.0000e+00
   58.36022   11.58356    33.7223    10.0043   3.684926     14.000     2.7021  1026.0170     0.0402  0.9495102 0.0000e+00
   58.36022   11.58356    33.7677     9.9514   3.684575     15.000     2.9673  1026.0659     0.0334  0.9515434 0.0000e+00
   58.36022   11.58357    33.8150    10.0109   3.694716     16.000     3.1937  1026.0973     0.0232  0.9357895 0.0000e+00
   58.36022   11.58358    33.8370     9.9725   3.693387     17.000     3.2318  1026.1255     0.0281  0.9515979 0.0000e+00
   58.36022   11.58358    33.8736    10.0281   3.702140     18.000     3.1787  1026.1492     0.0174  0.9592932 0.0000e+00
   58.36022   11.58358    33.9026     9.9710   3.699769     19.000     3.0962  1026.1860     0.0339  0.9521781 0.0000e+00
   58.36022   11.58360    33.9507     9.9787   3.705238     20.000     2.9602  1026.2268     0.0370  1.0214095 0.0000e+00
   58.36022   11.58360    33.9839     9.9510   3.705980     21.000     2.8543  1026.2619     0.0159  0.9767542 0.0000e+00
   58.36022   11.58360    34.0171     9.9486   3.709060     22.000     2.7594  1026.2928     0.0278  0.9570001 0.0000e+00
   58.36022   11.58360    34.0415     9.9690   3.713376     23.000     2.6893  1026.3129     0.0301  0.9705790 0.0000e+00
   58.36022   11.58360    34.0655    10.0130   3.719841     24.000     2.6473  1026.3288     0.0270  0.9636112 0.0000e+00
   58.36022   11.58362    34.0969     9.9639   3.718426     25.000     2.6291  1026.3661     0.0185  0.9536839 0.0000e+00
   58.36022   11.58362    34.1402     9.9490   3.721322     26.000     2.5907  1026.4069     0.0159  0.9600101 0.0000e+00
   58.36022   11.58362    34.1555     9.9254   3.720686     27.000     2.5665  1026.4274     0.0089  0.9481739 0.0000e+00
   58.36022   11.58362    34.1794     9.8863   3.719438     28.000     2.5612  1026.4572     0.0313  0.9480192 0.0000e+00
   58.36022   11.58362    34.1845     9.8761   3.719028     29.000     2.5705  1026.4675     0.0147  0.9792978 0.0000e+00
   58.36022   11.58362    34.2060     9.8369   3.717538     30.000     2.5605  1026.4954     0.0244  0.9910579 0.0000e+00
   58.36022   11.58362    34.2149     9.8269   3.717529     31.000     2.5485  1026.5086     0.0306  0.9883453 0.0000e+00
   58.36022   11.58363    34.2254     9.8315   3.719028     32.000     2.5517  1026.5205     0.0253  0.9916253 0.0000e+00
   58.36022   11.58364    34.2390     9.8148   3.718844     33.000     2.5344  1026.5385     0.0032  0.9852885 0.0000e+00
   58.36022   11.58364    34.2476     9.7901   3.717449     34.000     2.5480  1026.5540     0.0326  1.0036555 0.0000e+00
   58.36022   11.58364    34.2532     9.7801   3.717099     35.000     2.5354  1026.5645     0.0276  1.0381131 0.0000e+00
   58.36022   11.58364    34.2679     9.7727   3.717891     36.000     2.5440  1026.5817     0.0470  1.0214461 0.0000e+00
   58.36024   11.58364    34.2713     9.7658   3.717640     37.000     2.5381  1026.5901     0.0225  1.0282455 0.0000e+00
   58.36024   11.58364    34.2824     9.7615   3.718363     38.000     2.5297  1026.6040     0.0276  1.0339105 0.0000e+00
   58.36024   11.58364    34.2956     9.7555   3.719133     39.000     2.5413  1026.6199     0.0300  1.0398255 0.0000e+00
   58.36022   11.58366    34.3062     9.7477   3.719478     40.000     2.5427  1026.6340     0.0348  1.0545935 0.0000e+00
   58.36022   11.58366    34.3275     9.7736   3.724009     41.000     2.5316  1026.6508     0.0367  1.0426943 0.0000e+00
   58.36022   11.58366    34.3518     9.7623   3.725367     42.000     2.5443  1026.6762     0.0219  1.0405711 0.0000e+00
   58.36022   11.58366    34.3620     9.7136   3.721879     43.000     2.5431  1026.6969     0.0320  1.0009154 0.0000e+00
   58.36024   11.58368    34.3741     9.6972   3.721575     44.000     2.5103  1026.7137     0.0299  1.0386923 0.0000e+00
   58.36022   11.58368    34.3858     9.6810   3.721252     45.000     2.5328  1026.7300     0.0335  1.0092870 0.0000e+00
   58.36022   11.58368    34.3955     9.6431   3.718710     46.000     2.5349  1026.7485     0.0108  1.0013042 0.0000e+00
   58.36022   11.58369    34.3994     9.6221   3.717184     47.000     2.5227  1026.7596     0.0193  0.9869724 0.0000e+00
   58.36022   11.58370    34.4003     9.6169   3.716828     48.000     2.5269  1026.7657     0.0381  0.9918550 0.0000e+00
   58.36022   11.58370    34.4017     9.6105   3.716416     49.000     2.5450  1026.7724     0.0319  0.9720591 0.0000e+00
   58.36022   11.58370    34.4100     9.6143   3.717623     50.000     2.5615  1026.7828     0.0250  0.9680433 0.0000e+00
   58.36022   11.58370    34.4279     9.5917   3.717305     51.000     2.5346  1026.8051     0.0312  0.9523542 0.0000e+00
   58.36022   11.58370    34.4307     9.5626   3.714906     52.000     2.5205  1026.8166     0.0445  1.0610286 0.0000e+00
   58.36022   11.58370    34.4309     9.5337   3.712284     53.000     2.4987  1026.8261     0.0298  1.0956964 0.0000e+00
   58.36022   11.58371    34.4389     9.4937   3.709389     54.000     2.4831  1026.8435     0.0314  1.1571225 0.0000e+00
   58.36022   11.58372    34.4446     9.4805   3.708758     55.000     2.4641  1026.8547     0.0305  1.1455772 0.0000e+00
   58.36022   11.58372    34.4458     9.4415   3.705291     56.000     2.4343  1026.8667     0.0313  1.0899047 0.0000e+00
   58.36022   11.58372    34.4487     9.4361   3.705110     57.000     2.4276  1026.8743     0.0292  1.0704095 0.0000e+00
   58.36022   11.58372    34.4491     9.4374   3.705318     58.000     2.4370  1026.8790     0.0331  1.0795070 0.0000e+00
   58.36022   11.58374    34.4636     9.3498   3.698620     59.000     2.4158  1026.9093     0.0429  1.0579804 0.0000e+00
   58.36022   11.58374    34.4639     9.3100   3.695000     60.000     2.4227  1026.9207     0.0477  1.2088140 0.0000e+00
   58.36022   11.58376    34.4592     9.1879   3.683254     61.000     2.4140  1026.9414     0.0415  1.0913915 0.0000e+00
   58.36022   11.58376    34.4534     9.0086   3.666121     62.000     2.3866  1026.9705     0.0420  1.0583109 0.0000e+00
   58.36022   11.58376    34.4443     8.7845   3.644567     63.000     2.3722  1027.0038     0.0373  1.0373705 0.0000e+00
   58.36022   11.58376    34.4392     8.7063   3.636894     64.000     2.3690  1027.0167     0.0508  1.0549242 0.0000e+00
   58.36022   11.58378    34.4368     8.6880   3.635016     65.000     2.3568  1027.0222     0.0707  0.9876297 0.0000e+00
   58.36022   11.58378    34.4320     8.5319   3.620216     66.000     2.3204  1027.0475     0.0589  0.9790647 0.0000e+00
   58.36022   11.58378    34.4308     8.2540   3.594554     67.000     2.2873  1027.0941     0.0504  1.0202355 0.0000e+00
   58.36022   11.58378    34.4295     8.0516   3.575881     68.000     2.2741  1027.1285     0.0586  1.0887568 0.0000e+00
   58.36022   11.58378    34.4298     7.8972   3.561779     69.000     2.2607  1027.1565     0.0776  1.0358371 0.0000e+00
   58.36022   11.58378    34.4282     7.6396   3.538086     70.000     2.2269  1027.1978     0.0617  1.0854257 0.0000e+00
   58.36023   11.58379    34.4287     7.3285   3.509748     71.000     2.2106  1027.2480     0.0773  0.9919959 0.0000e+00
   58.36023   11.58380    34.4266     7.2481   3.502267     72.000     2.1707  1027.2623     0.0716  0.9420875 0.0000e+00
   58.36023   11.58380    34.4288     7.1201   3.490851     73.000     2.1341  1027.2868     0.0613  0.9610348 0.0000e+00
   58.36024   11.58380    34.4274     7.0551   3.484851     74.000     2.0913  1027.2994     0.0638  0.9931092 0.0000e+00
   58.36024   11.58380    34.4311     7.0057   3.480741     75.000     2.0660  1027.3139     0.0734  1.0064190 0.0000e+00
   58.36024   11.58380    34.4316     6.9589   3.476564     76.000     2.0414  1027.3253     0.0760  1.0176712 0.0000e+00
   58.36022   11.58381    34.4298     6.9304   3.473865     77.000     1.9682  1027.3325     0.0947  1.0468459 0.0000e+00
   58.36022   11.58382    34.4290     6.8951   3.470623     78.000     1.8562  1027.3413     0.0983  1.0465612 0.0000e+00
   58.36022   11.58381    34.4289     6.8783   3.469131     79.000     1.7515  1027.3482     0.0877  1.0187777 0.0000e+00
   58.36022   11.58384    34.4299     6.8743   3.468902     80.000     1.6749  1027.3541     0.0995  1.0291388 0.0000e+00
   58.36022   11.58387    34.4325     6.8668   3.468508     81.000     1.6049  1027.3618     0.0850  0.9138186 0.0000e+00
   58.36022   11.58390    34.4327     6.8574   3.467714     82.000     1.5598  1027.3678     0.0939  0.9395874 0.0000e+00
   58.36022   11.58393    34.4317     6.8340   3.465544     83.000     1.5287  1027.3749     0.0959  0.9974004 0.0000e+00
   58.36022   11.58394    34.4313     6.8186   3.464155     84.000     1.5053  1027.3812     0.1140  1.1024145 0.0000e+00
