Data/unprocessed_data/Skagerak/SK20181211/SK_20181211_14.cnv
* Sea-Bird SBE 9 Data File:
* FileName = C:\Documents and Settings\Boat\Desktop\OC4920_20181211\SK_20181211_14.hex
* Software Version Seasave V 7.20a
* Temperature SN = 2301
* Conductivity SN = 2401
* Number of Bytes Per Scan = 34
* Number of Voltage Words = 5
* Number of Scans Averaged by the Deck Unit = 1
* NMEA Latitude = 58 19.63 N
* NMEA Longitude = 011 33.09 E
* NMEA UTC (Time) = Apr 27 1999  13:30:04
** StationNumber:
** BottomDepth:
# nquan = 11
# nvalues = 1200                        
# units = specified
# name 0 = latitude: Latitude [deg]
# name 1 = longitude: Longitude [deg]
# name 2 = sal00: Salinity, Practical [PSU]
# name 3 = t090C: Temperature [ITS-90, deg C]
# name 4 = c0S/m: Conductivity [S/m]
# name 5 = prDM: Pressure, Digiquartz [db]
# name 6 = sbeox0V: Oxygen raw, SBE 43 [V]
# name 7 = density00: Density [density, kg/m^3]
# name 8 = flECO-AFL: Fluorescence, WET Labs ECO-AFL/FL [mg/m^3]
# name 9 = timeS: Time, Elapsed [seconds]
# name 10 = flag: flag
# span 0 =   58.32712,   58.32752       
# span 1 =   11.55153,   11.55196       
# span 2 =    34.3839,    34.4683       
# span 3 =     7.5622,     7.8789       
# span 4 =   3.530852,   3.559752       
# span 5 =     68.555,     68.734       
# span 6 =     1.5332,     1.5882       
# span 7 =  1027.1378,  1027.2093       
# span 8 =     0.0614,     0.1550       
# span 9 =      0.479,   1199.021       
# span 10 = 0.0000e+00, 0.0000e+00      
# interval = seconds: 1                 
# start_time = Dec 11 2018 14:30:05 [System UpLoad Time]
# bad_flag = -9.990e-29
*END*
   58.32716   11.55153    34.4322     7.8354   3.556321     68.732     1.5503  1027.1663     0.0793      0.479 0.0000e+00
   58.32718   11.55162    34.4321     7.8349   3.556268     68.734     1.5503  1027.1664     0.0747      1.479 0.0000e+00
   58.32718   11.55162    34.4323     7.8369   3.556472     68.729     1.5529  1027.1662     0.0905      2.479 0.0000e+00
   58.32718   11.55162    34.4322     7.8379   3.556559     68.727     1.5563  1027.1660     0.0910      3.479 0.0000e+00
   58.32718   11.55162    34.4322     7.8349   3.556281     68.731     1.5572  1027.1664     0.0818      4.479 0.0000e+00
   58.32718   11.55162    34.4323     7.8319   3.556011     68.732     1.5616  1027.1670     0.0768      5.479 0.0000e+00
   58.32718   11.55164    34.4324     7.8317   3.556001     68.729     1.5616  1027.1670     0.0757      6.479 0.0000e+00
   58.32718   11.55164    34.4323     7.8291   3.555751     68.731     1.5634  1027.1674     0.1266      7.479 0.0000e+00
   58.32718   11.55164    34.4326     7.8267   3.555556     68.729     1.5613  1027.1679     0.0828      8.479 0.0000e+00
   58.32718   11.55164    34.4325     7.8247   3.555368     68.722     1.5619  1027.1681     0.0742      9.479 0.0000e+00
   58.32718   11.55164    34.4324     7.8220   3.555117     68.726     1.5624  1027.1685     0.0773     10.479 0.0000e+00
   58.32718   11.55164    34.4326     7.8189   3.554845     68.731     1.5634  1027.1691     0.0879     11.479 0.0000e+00
   58.32718   11.55164    34.4326     7.8165   3.554625     68.728     1.5636  1027.1695     0.0813     12.479 0.0000e+00
   58.32718   11.55164    34.4326     7.8146   3.554453     68.728     1.5636  1027.1697     0.0757     13.479 0.0000e+00
   58.32718   11.55164    34.4327     7.8118   3.554198     68.731     1.5629  1027.1702     0.0859     14.479 0.0000e+00
   58.32718   11.55164    34.4326     7.8103   3.554058     68.726     1.5624  1027.1703     0.0808     15.479 0.0000e+00
   58.32718   11.55164    34.4327     7.8085   3.553900     68.723     1.5653  1027.1706     0.0788     16.479 0.0000e+00
   58.32718   11.55164    34.4327     7.8049   3.553571     68.722     1.5675  1027.1712     0.0844     17.479 0.0000e+00
   58.32718   11.55164    34.4327     7.8015   3.553266     68.721     1.5685  1027.1717     0.0910     18.479 0.0000e+00
   58.32718   11.55164    34.4327     7.7999   3.553107     68.716     1.5670  1027.1719     0.0910     19.479 0.0000e+00
   58.32716   11.55164    34.4326     7.7960   3.552752     68.720     1.5656  1027.1725     0.0818     20.479 0.0000e+00
   58.32716   11.55164    34.4327     7.7919   3.552378     68.724     1.5669  1027.1732     0.1012     21.479 0.0000e+00
   58.32716   11.55164    34.4327     7.7892   3.552133     68.720     1.5690  1027.1735     0.0951     22.479 0.0000e+00
   58.32716   11.55164    34.4326     7.7867   3.551891     68.716     1.5678  1027.1738     0.0849     23.479 0.0000e+00
   58.32716   11.55164    34.4327     7.7830   3.551559     68.721     1.5667  1027.1744     0.0808     24.479 0.0000e+00
   58.32716   11.55164    34.4326     7.7813   3.551396     68.722     1.5645  1027.1746     0.0752     25.479 0.0000e+00
   58.32716   11.55164    34.4326     7.7802   3.551295     68.714     1.5662  1027.1747     0.0757     26.479 0.0000e+00
   58.32716   11.55164    34.4326     7.7757   3.550892     68.719     1.5658  1027.1754     0.0768     27.479 0.0000e+00
   58.32716   11.55164    34.4327     7.7727   3.550628     68.721     1.5692  1027.1760     0.0773     28.479 0.0000e+00
   58.32716   11.55164    34.4325     7.7748   3.550795     68.717     1.5732  1027.1755     0.0905     29.479 0.0000e+00
   58.32716   11.55164    34.4325     7.7737   3.550697     68.718     1.5744  1027.1756     0.0925     30.479 0.0000e+00
   58.32716   11.55164    34.4328     7.7714   3.550512     68.724     1.5731  1027.1762     0.0808     31.479 0.0000e+00
   58.32716   11.55164    34.4328     7.7739   3.550738     68.718     1.5723  1027.1759     0.0966     32.479 0.0000e+00
   58.32716   11.55164    34.4326     7.7766   3.550974     68.712     1.5705  1027.1753     0.0981     33.479 0.0000e+00
   58.32716   11.55164    34.4321     7.7775   3.551010     68.716     1.5700  1027.1748     0.0839     34.479 0.0000e+00
   58.32716   11.55164    34.4321     7.7803   3.551257     68.711     1.5719  1027.1743     0.0681     35.479 0.0000e+00
   58.32716   11.55164    34.4320     7.7828   3.551484     68.710     1.5727  1027.1739     0.0670     36.479 0.0000e+00
   58.32716   11.55164    34.4325     7.7827   3.551525     68.720     1.5688  1027.1744     0.0793     37.479 0.0000e+00
   58.32716   11.55166    34.4324     7.7854   3.551757     68.719     1.5645  1027.1739     0.0818     38.479 0.0000e+00
   58.32716   11.55166    34.4320     7.7897   3.552115     68.716     1.5640  1027.1728     0.0956     39.479 0.0000e+00
   58.32716   11.55164    34.4314     7.7940   3.552451     68.716     1.5659  1027.1718     0.1108     40.479 0.0000e+00
   58.32716   11.55164    34.4308     7.7994   3.552890     68.712     1.5688  1027.1705     0.1083     41.479 0.0000e+00
   58.32714   11.55164    34.4304     7.8050   3.553370     68.708     1.5669  1027.1693     0.0971     42.479 0.0000e+00
   58.32714   11.55164    34.4301     7.8089   3.553701     68.712     1.5649  1027.1685     0.1032     43.479 0.0000e+00
   58.32714   11.55164    34.4278     7.8123   3.553797     68.716     1.5626  1027.1662     0.0747     44.479 0.0000e+00
   58.32714   11.55164    34.4257     7.8190   3.554221     68.717     1.5646  1027.1636     0.0762     45.479 0.0000e+00
   58.32714   11.55164    34.4269     7.8237   3.554758     68.716     1.5681  1027.1638     0.0778     46.479 0.0000e+00
   58.32714   11.55164    34.4155     7.8427   3.555439     68.719     1.5688  1027.1521     0.1027     47.479 0.0000e+00
   58.32714   11.55166    34.4116     7.8607   3.556728     68.718     1.5676  1027.1463     0.1179     48.479 0.0000e+00
   58.32714   11.55166    34.4239     7.8538   3.557236     68.710     1.5679  1027.1569     0.0788     49.479 0.0000e+00
   58.32716   11.55166    34.4436     7.8249   3.556421     68.711     1.5649  1027.1768     0.0823     50.479 0.0000e+00
   58.32716   11.55166    34.4314     7.8426   3.556906     68.717     1.5679  1027.1645     0.0895     51.479 0.0000e+00
   58.32716   11.55166    34.4139     7.8661   3.557429     68.719     1.5663  1027.1473     0.0854     52.479 0.0000e+00
   58.32716   11.55166    34.4261     7.8599   3.558006     68.722     1.5660  1027.1579     0.1103     53.479 0.0000e+00
   58.32716   11.55166    34.4247     7.8719   3.558968     68.734     1.5684  1027.1550     0.0793     54.479 0.0000e+00
   58.32716   11.55166    34.4220     7.8789   3.559362     68.729     1.5704  1027.1519     0.0874     55.479 0.0000e+00
   58.32716   11.55166    34.4306     7.8739   3.559697     68.722     1.5705  1027.1593     0.0879     56.479 0.0000e+00
   58.32716   11.55166    34.4341     7.8706   3.559728     68.718     1.5676  1027.1625     0.1240     57.479 0.0000e+00
   58.32718   11.55166    34.4317     7.8730   3.559724     68.716     1.5666  1027.1603     0.0930     58.479 0.0000e+00
   58.32718   11.55166    34.4312     7.8731   3.559690     68.715     1.5705  1027.1599     0.1022     59.479 0.0000e+00
   58.32716   11.55166    34.4322     7.8728   3.559752     68.721     1.5747  1027.1607     0.0793     60.479 0.0000e+00
   58.32716   11.55166    34.4321     7.8711   3.559583     68.726     1.5763  1027.1609     0.0925     61.479 0.0000e+00
   58.32716   11.55166    34.4376     7.8626   3.559317     68.726     1.5734  1027.1665     0.1159     62.479 0.0000e+00
   58.32716   11.55166    34.4361     7.8597   3.558905     68.726     1.5706  1027.1658     0.0884     63.479 0.0000e+00
   58.32716   11.55166    34.4391     7.8575   3.558994     68.726     1.5687  1027.1685     0.0803     64.479 0.0000e+00
   58.32716   11.55166    34.4351     7.8611   3.558946     68.719     1.5717  1027.1647     0.0884     65.479 0.0000e+00
   58.32718   11.55166    34.4339     7.8624   3.558958     68.716     1.5732  1027.1636     0.0915     66.479 0.0000e+00
   58.32718   11.55166    34.4359     7.8596   3.558884     68.719     1.5764  1027.1656     0.1317     67.479 0.0000e+00
   58.32718   11.55166    34.4363     7.8595   3.558907     68.724     1.5768  1027.1659     0.0915     68.479 0.0000e+00
   58.32718   11.55166    34.4314     7.8641   3.558881     68.724     1.5755  1027.1614     0.0920     69.479 0.0000e+00
   58.32718   11.55166    34.4324     7.8632   3.558882     68.734     1.5769  1027.1623     0.0895     70.479 0.0000e+00
   58.32718   11.55166    34.4331     7.8629   3.558924     68.734     1.5785  1027.1630     0.0773     71.479 0.0000e+00
   58.32718   11.55166    34.4295     7.8684   3.559103     68.722     1.5803  1027.1593     0.0879     72.479 0.0000e+00
   58.32718   11.55166    34.4300     7.8710   3.559379     68.721     1.5788  1027.1592     0.0732     73.479 0.0000e+00
   58.32718   11.55166    34.4250     7.8755   3.559333     68.721     1.5779  1027.1547     0.0773     74.479 0.0000e+00
   58.32718   11.55166    34.4329     7.8693   3.559498     68.722     1.5794  1027.1618     0.1052     75.479 0.0000e+00
   58.32718   11.55166    34.4294     7.8721   3.559426     68.724     1.5798  1027.1586     0.0905     76.479 0.0000e+00
   58.32718   11.55166    34.4281     7.8699   3.559106     68.729     1.5773  1027.1580     0.0778     77.479 0.0000e+00
   58.32718   11.55166    34.4300     7.8649   3.558820     68.729     1.5796  1027.1602     0.0778     78.479 0.0000e+00
   58.32718   11.55166    34.4317     7.8612   3.558641     68.722     1.5788  1027.1620     0.0732     79.479 0.0000e+00
   58.32716   11.55166    34.4332     7.8592   3.558593     68.727     1.5769  1027.1636     0.0773     80.479 0.0000e+00
   58.32716   11.55166    34.4324     7.8612   3.558698     68.724     1.5763  1027.1626     0.0773     81.479 0.0000e+00
   58.32716   11.55166    34.4326     7.8628   3.558872     68.722     1.5775  1027.1625     0.1027     82.479 0.0000e+00
   58.32716   11.55166    34.4293     7.8630   3.558578     68.725     1.5786  1027.1599     0.0773     83.479 0.0000e+00
   58.32716   11.55166    34.4338     7.8603   3.558756     68.729     1.5763  1027.1639     0.1027     84.479 0.0000e+00
   58.32716   11.55166    34.4317     7.8609   3.558618     68.722     1.5798  1027.1621     0.0808     85.479 0.0000e+00
   58.32716   11.55166    34.4319     7.8651   3.559011     68.725     1.5792  1027.1616     0.0742     86.479 0.0000e+00
   58.32716   11.55166    34.4297     7.8657   3.558868     68.720     1.5813  1027.1598     0.0879     87.479 0.0000e+00
   58.32716   11.55164    34.4308     7.8681   3.559190     68.719     1.5830  1027.1603     0.0793     88.479 0.0000e+00
   58.32716   11.55164    34.4309     7.8691   3.559288     68.715     1.5825  1027.1602     0.0773     89.479 0.0000e+00
   58.32716   11.55164    34.4307     7.8686   3.559224     68.720     1.5779  1027.1601     0.0879     90.479 0.0000e+00
   58.32716   11.55164    34.4318     7.8603   3.558566     68.720     1.5788  1027.1623     0.0910     91.479 0.0000e+00
   58.32716   11.55164    34.4289     7.8566   3.557963     68.717     1.5802  1027.1605     0.0813     92.479 0.0000e+00
   58.32716   11.55164    34.4309     7.8591   3.558369     68.722     1.5781  1027.1617     0.0788     93.479 0.0000e+00
   58.32716   11.55164    34.4329     7.8496   3.557693     68.722     1.5729  1027.1647     0.0742     94.479 0.0000e+00
   58.32716   11.55164    34.4349     7.8437   3.557333     68.713     1.5713  1027.1672     0.0737     95.479 0.0000e+00
   58.32716   11.55164    34.4329     7.8459   3.557354     68.715     1.5763  1027.1653     0.0849     96.479 0.0000e+00
   58.32716   11.55164    34.4261     7.8349   3.555711     68.715     1.5795  1027.1616     0.0895     97.479 0.0000e+00
   58.32716   11.55164    34.4322     7.8169   3.554620     68.715     1.5778  1027.1690     0.0890     98.479 0.0000e+00
   58.32716   11.55164    34.4350     7.8259   3.555706     68.720     1.5804  1027.1699     0.0996     99.479 0.0000e+00
   58.32716   11.55164    34.4350     7.8460   3.557559     68.722     1.5818  1027.1669     0.0854    100.479 0.0000e+00
   58.32716   11.55164    34.4314     7.8443   3.557056     68.718     1.5819  1027.1643     0.1215    101.479 0.0000e+00
   58.32716   11.55164    34.4333     7.8397   3.556819     68.717     1.5790  1027.1665     0.1256    102.479 0.0000e+00
   58.32716   11.55164    34.4307     7.8395   3.556557     68.716     1.5803  1027.1645     0.0986    103.479 0.0000e+00
   58.32716   11.55164    34.4345     7.8335   3.556364     68.712     1.5782  1027.1684     0.1169    104.479 0.0000e+00
   58.32716   11.55164    34.4296     7.8306   3.555638     68.707     1.5808  1027.1649     0.1550    105.479 0.0000e+00
   58.32716   11.55164    34.4347     7.8162   3.554794     68.712     1.5816  1027.1710     0.1322    106.479 0.0000e+00
   58.32716   11.55164    34.4422     7.8206   3.555894     68.714     1.5796  1027.1763     0.0874    107.479 0.0000e+00
   58.32716   11.55164    34.4200     7.8348   3.555132     68.717     1.5792  1027.1568     0.0686    108.479 0.0000e+00
   58.32716   11.55164    34.4301     7.8145   3.554215     68.720     1.5772  1027.1677     0.0696    109.479 0.0000e+00
   58.32714   11.55164    34.4373     7.8044   3.553960     68.717     1.5770  1027.1749     0.0773    110.479 0.0000e+00
   58.32714   11.55164    34.4376     7.8000   3.553581     68.713     1.5784  1027.1757     0.0768    111.479 0.0000e+00
   58.32714   11.55164    34.4407     7.7965   3.553537     68.710     1.5788  1027.1787     0.0778    112.479 0.0000e+00
   58.32714   11.55164    34.4376     7.7986   3.553451     68.713     1.5803  1027.1760     0.0834    113.479 0.0000e+00
   58.32714   11.55164    34.4349     7.8031   3.553620     68.714     1.5796  1027.1732     0.0813    114.479 0.0000e+00
   58.32714   11.55164    34.4362     7.8082   3.554196     68.715     1.5774  1027.1734     0.0732    115.479 0.0000e+00
   58.32714   11.55164    34.4392     7.8017   3.553881     68.719     1.5771  1027.1768     0.0675    116.479 0.0000e+00
   58.32714   11.55164    34.4378     7.8071   3.554246     68.721     1.5770  1027.1749     0.0681    117.479 0.0000e+00
   58.32714   11.55164    34.4427     7.8040   3.554417     68.715     1.5774  1027.1792     0.0905    118.479 0.0000e+00
   58.32714   11.55164    34.4520     7.7944   3.554406     68.718     1.5776  1027.1879     0.1408    119.479 0.0000e+00
   58.32714   11.55164    34.4418     7.8049   3.554415     68.717     1.5737  1027.1783     0.1357    120.479 0.0000e+00
   58.32714   11.55164    34.4391     7.8079   3.554441     68.710     1.5714  1027.1758     0.0823    121.479 0.0000e+00
   58.32714   11.55164    34.4529     7.7993   3.554931     68.717     1.5701  1027.1878     0.0884    122.479 0.0000e+00
   58.32714   11.55164    34.4669     7.7815   3.554600     68.720     1.5690  1027.2016     0.0956    123.479 0.0000e+00
   58.32714   11.55164    34.4644     7.7776   3.554010     68.717     1.5680  1027.2001     0.0935    124.479 0.0000e+00
   58.32714   11.55164    34.4683     7.7698   3.553657     68.715     1.5681  1027.2043     0.0905    125.479 0.0000e+00
   58.32714   11.55164    34.4574     7.7753   3.553150     68.717     1.5706  1027.1950     0.1073    126.479 0.0000e+00
   58.32714   11.55164    34.4355     7.8062   3.553958     68.714     1.5689  1027.1732     0.0895    127.479 0.0000e+00
   58.32714   11.55164    34.4392     7.7983   3.553573     68.715     1.5671  1027.1773     0.0798    128.479 0.0000e+00
   58.32714   11.55164    34.4375     7.8027   3.553815     68.717     1.5651  1027.1753     0.0777    129.479 0.0000e+00
   58.32716   11.55164    34.4416     7.8004   3.553993     68.714     1.5652  1027.1789     0.0910    130.479 0.0000e+00
