Data/unprocessed_data/Skagerak/SK20181211/SK_20181211_14.cnv
* Sea-Bird SBE 9 Data File:
* FileName = C:\Documents and Settings\Boat\Desktop\OC4920_20181211\SK_20181211_14.hex
* Software Version Seasave V 7.20a
* Temperature SN = 2301
* Conductivity SN = 2401
* Number of Bytes Per Scan = 34
* Number of Voltage Words = 5
* Number of Scans Averaged by the Deck Unit = 1
* NMEA Latitude = 58 19.63 N
* NMEA Longitude = 011 33.09 E
* NMEA UTC (Time) = Apr 27 1999  13:30:04
** StationNumber:
** BottomDepth:
# nquan = 11
# nvalues = 1200                        
# units = specified
# name 0 = latitude: Latitude [deg]
# name 1 = longitude: Longitude [deg]
# name 2 = sal00: Salinity, Practical [PSU]
# name 3 = t090C: Temperature [ITS-90, deg C]
# name 4 = c0S/m: Conductivity [S/m]
# name 5 = prDM: Pressure, Digiquartz [db]
# name 6 = sbeox0V: Oxygen raw, SBE 43 [V]
# name 7 = density00: Density [density, kg/m^3]
# name 8 = flECO-AFL: Fluorescence, WET Labs ECO-AFL/FL [mg/m^3]
# name 9 = timeS: Time, Elapsed [seconds]
# name 10 = flag: flag
# span 0 =   58.32712,   58.32752       
# span 1 =   11.55153,   11.55196       
# span 2 =    34.3839,    34.4683       
# span 3 =     7.5622,     7.8789       
# span 4 =   3.530852,   3.559752       
# span 5 =     68.555,     68.734       
# span 6 =     1.5332,     1.5882       
# span 7 =  1027.1378,  1027.2093       
# span 8 =     0.0614,     0.1550       
# span 9 =      0.479,   1199.021       
# span 10 = 0.0000e+00, 0.0000e+00      
# interval = seconds: 1                 
# start_time = Dec 11 2018 14:30:05 [System UpLoad Time]
# bad_flag = -9.990e-29
*END*
[from data line 525]
   58.32726   11.55180    34.4302     7.6385   3.538107     68.684     1.5522  1027.1936     0.0798    525.479 0.0000e+00
   58.32726   11.55180    34.4301     7.6384   3.538076     68.686     1.5496  1027.1935     0.0895    526.479 0.0000e+00
   58.32724   11.55180    34.4301     7.6386   3.538095     68.687     1.5491  1027.1935     0.1032    527.479 0.0000e+00
   58.32724   11.55180    34.4301     7.6395   3.538187     68.685     1.5517  1027.1934     0.1149    528.479 0.0000e+00
   58.32724   11.55180    34.4302     7.6393   3.538175     68.682     1.5494  1027.1935     0.0966    529.479 0.0000e+00
   58.32724   11.55180    34.4302     7.6389   3.538139     68.686     1.5485  1027.1935     0.0910    530.479 0.0000e+00
   58.32724   11.55180    34.4302     7.6391   3.538159     68.690     1.5512  1027.1935     0.1113    531.479 0.0000e+00
   58.32724   11.55180    34.4300     7.6399   3.538216     68.687     1.5519  1027.1932     0.0890    532.479 0.0000e+00
   58.32724   11.55180    34.4300     7.6396   3.538183     68.687     1.5508  1027.1933     0.0869    533.479 0.0000e+00
   58.32724   11.55180    34.4300     7.6403   3.538251     68.690     1.5494  1027.1932     0.1027    534.479 0.0000e+00
   58.32724   11.55180    34.4297     7.6423   3.538402     68.679     1.5491  1027.1926     0.0864    535.479 0.0000e+00
   58.32724   11.55180    34.4300     7.6424   3.538447     68.681     1.5475  1027.1929     0.0884    536.479 0.0000e+00
   58.32724   11.55180    34.4303     7.6424   3.538473     68.682     1.5531  1027.1931     0.0915    537.479 0.0000e+00
   58.32724   11.55180    34.4302     7.6430   3.538525     68.682     1.5507  1027.1930     0.0844    538.479 0.0000e+00
   58.32724   11.55180    34.4300     7.6428   3.538478     68.687     1.5474  1027.1928     0.0859    539.479 0.0000e+00
   58.32724   11.55180    34.4301     7.6425   3.538467     68.690     1.5452  1027.1930     0.0890    540.479 0.0000e+00
   58.32724   11.55180    34.4303     7.6434   3.538561     68.690     1.5479  1027.1930     0.0910    541.479 0.0000e+00
   58.32724   11.55180    34.4305     7.6442   3.538656     68.687     1.5489  1027.1930     0.0798    542.479 0.0000e+00
   58.32724   11.55180    34.4304     7.6450   3.538715     68.685     1.5502  1027.1928     0.0747    543.479 0.0000e+00
   58.32724   11.55180    34.4303     7.6461   3.538808     68.688     1.5484  1027.1926     0.0869    544.479 0.0000e+00
   58.32724   11.55180    34.4304     7.6467   3.538873     68.681     1.5477  1027.1926     0.0910    545.479 0.0000e+00
   58.32724   11.55180    34.4307     7.6461   3.538844     68.688     1.5467  1027.1929     0.1022    546.479 0.0000e+00
   58.32724   11.55180    34.4307     7.6461   3.538845     68.695     1.5457  1027.1929     0.0910    547.479 0.0000e+00
   58.32724   11.55180    34.4304     7.6475   3.538947     68.693     1.5450  1027.1925     0.0757    548.479 0.0000e+00
   58.32724   11.55180    34.4303     7.6481   3.538998     68.695     1.5493  1027.1924     0.0762    549.479 0.0000e+00
   58.32724   11.55180    34.4302     7.6488   3.539046     68.695     1.5528  1027.1922     0.0757    550.479 0.0000e+00
   58.32724   11.55180    34.4304     7.6505   3.539214     68.695     1.5561  1027.1920     0.0737    551.479 0.0000e+00
   58.32724   11.55180    34.4302     7.6523   3.539368     68.690     1.5539  1027.1916     0.0757    552.479 0.0000e+00
   58.32724   11.55180    34.4304     7.6522   3.539379     68.695     1.5550  1027.1918     0.0935    553.479 0.0000e+00
   58.32724   11.55180    34.4305     7.6535   3.539504     68.692     1.5556  1027.1917     0.0956    554.479 0.0000e+00
   58.32724   11.55180    34.4305     7.6542   3.539563     68.697     1.5594  1027.1916     0.0793    555.479 0.0000e+00
   58.32724   11.55180    34.4308     7.6535   3.539529     68.703     1.5599  1027.1919     0.0706    556.479 0.0000e+00
   58.32722   11.55180    34.4305     7.6553   3.539673     68.702     1.5581  1027.1915     0.0681    557.479 0.0000e+00
   58.32722   11.55180    34.4293     7.6587   3.539875     68.697     1.5592  1027.1900     0.0788    558.479 0.0000e+00
   58.32722   11.55182    34.4288     7.6605   3.539983     68.699     1.5563  1027.1893     0.0910    559.479 0.0000e+00
   58.32722   11.55182    34.4288     7.6619   3.540116     68.697     1.5567  1027.1891     0.0940    560.479 0.0000e+00
   58.32722   11.55182    34.4285     7.6650   3.540373     68.697     1.5552  1027.1884     0.0768    561.479 0.0000e+00
   58.32722   11.55182    34.4291     7.6647   3.540409     68.697     1.5544  1027.1890     0.0829    562.479 0.0000e+00
   58.32722   11.55182    34.4300     7.6647   3.540487     68.701     1.5531  1027.1897     0.0905    563.479 0.0000e+00
   58.32722   11.55182    34.4291     7.6678   3.540691     68.702     1.5536  1027.1886     0.0869    564.479 0.0000e+00
   58.32722   11.55182    34.4282     7.6711   3.540902     68.697     1.5526  1027.1873     0.0783    565.479 0.0000e+00
   58.32722   11.55182    34.4286     7.6719   3.541012     68.697     1.5503  1027.1875     0.0813    566.479 0.0000e+00
   58.32722   11.55182    34.4293     7.6741   3.541274     68.694     1.5530  1027.1877     0.0839    567.479 0.0000e+00
   58.32722   11.55182    34.4293     7.6750   3.541364     68.695     1.5525  1027.1876     0.0910    568.479 0.0000e+00
   58.32722   11.55182    34.4295     7.6750   3.541378     68.697     1.5533  1027.1878     0.0859    569.479 0.0000e+00
   58.32722   11.55182    34.4301     7.6749   3.541425     68.699     1.5558  1027.1882     0.0737    570.479 0.0000e+00
   58.32722   11.55182    34.4302     7.6780   3.541722     68.699     1.5540  1027.1879     0.0742    571.479 0.0000e+00
   58.32722   11.55182    34.4317     7.6790   3.541952     68.702     1.5526  1027.1890     0.0829    572.479 0.0000e+00
   58.32722   11.55182    34.4347     7.6818   3.542481     68.697     1.5506  1027.1909     0.0895    573.479 0.0000e+00
   58.32722   11.55182    34.4356     7.6850   3.542862     68.694     1.5499  1027.1911     0.0793    574.479 0.0000e+00
   58.32722   11.55182    34.4344     7.6866   3.542896     68.695     1.5510  1027.1899     0.0788    575.479 0.0000e+00
   58.32722   11.55182    34.4352     7.6877   3.543069     68.696     1.5497  1027.1904     0.0818    576.479 0.0000e+00
   58.32722   11.55182    34.4350     7.6894   3.543204     68.694     1.5508  1027.1900     0.0874    577.479 0.0000e+00
   58.32722   11.55182    34.4341     7.6893   3.543114     68.699     1.5508  1027.1893     0.0752    578.479 0.0000e+00
   58.32722   11.55182    34.4336     7.6914   3.543263     68.697     1.5578  1027.1886     0.0788    579.479 0.0000e+00
   58.32722   11.55182    34.4325     7.6933   3.543333     68.699     1.5595  1027.1875     0.0783    580.479 0.0000e+00
   58.32722   11.55182    34.4312     7.6947   3.543346     68.694     1.5565  1027.1862     0.0742    581.479 0.0000e+00
   58.32722   11.55182    34.4289     7.6957   3.543222     68.696     1.5576  1027.1842     0.0818    582.479 0.0000e+00
   58.32722   11.55182    34.4284     7.6995   3.543520     68.700     1.5594  1027.1833     0.0905    583.479 0.0000e+00
   58.32722   11.55182    34.4291     7.7057   3.544148     68.694     1.5582  1027.1829     0.0768    584.479 0.0000e+00
   58.32722   11.55182    34.4225     7.7188   3.544738     68.698     1.5570  1027.1758     0.0803    585.479 0.0000e+00
   58.32722   11.55182    34.4313     7.7173   3.545412     68.700     1.5600  1027.1830     0.0829    586.479 0.0000e+00
   58.32722   11.55182    34.4224     7.7391   3.546588     68.698     1.5593  1027.1728     0.1189    587.479 0.0000e+00
   58.32722   11.55182    34.4389     7.7419   3.548368     68.700     1.5542  1027.1853     0.1266    588.479 0.0000e+00
   58.32722   11.55182    34.4656     7.7345   3.550172     68.698     1.5544  1027.2074     0.0742    589.479 0.0000e+00
   58.32722   11.55182    34.4354     7.7694   3.550575     68.699     1.5571  1027.1785     0.0884    590.479 0.0000e+00
   58.32722   11.55182    34.4068     7.7947   3.550239     68.695     1.5559  1027.1523     0.0915    591.479 0.0000e+00
   58.32722   11.55182    34.4284     7.7677   3.549766     68.697     1.5564  1027.1732     0.1052    592.479 0.0000e+00
   58.32722   11.55182    34.4397     7.7498   3.549172     68.695     1.5571  1027.1848     0.0757    593.479 0.0000e+00
   58.32722   11.55182    34.4604     7.7214   3.548488     68.702     1.5602  1027.2052     0.0732    594.479 0.0000e+00
   58.32722   11.55182    34.4531     7.7248   3.548127     68.700     1.5621  1027.1990     0.0895    595.479 0.0000e+00
   58.32722   11.55182    34.4483     7.7273   3.547904     68.697     1.5621  1027.1948     0.0783    596.479 0.0000e+00
   58.32722   11.55182    34.4462     7.7279   3.547769     68.700     1.5614  1027.1931     0.0905    597.479 0.0000e+00
   58.32722   11.55182    34.4449     7.7298   3.547822     68.700     1.5658  1027.1918     0.1296    598.479 0.0000e+00
   58.32722   11.55182    34.4362     7.7347   3.547467     68.692     1.5655  1027.1842     0.0737    599.479 0.0000e+00
   58.32722   11.55182    34.4322     7.7389   3.547480     68.695     1.5641  1027.1805     0.0619    600.479 0.0000e+00
   58.32722   11.55182    34.4332     7.7371   3.547411     68.697     1.5614  1027.1815     0.0925    601.479 0.0000e+00
   58.32722   11.55182    34.4339     7.7361   3.547381     68.698     1.5614  1027.1822     0.0900    602.479 0.0000e+00
   58.32722   11.55182    34.4327     7.7373   3.547383     68.699     1.5624  1027.1811     0.1047    603.479 0.0000e+00
   58.32722   11.55182    34.4298     7.7405   3.547406     68.705     1.5596  1027.1784     0.0747    604.479 0.0000e+00
   58.32722   11.55182    34.4266     7.7450   3.547522     68.697     1.5557  1027.1752     0.0783    605.479 0.0000e+00
   58.32722   11.55182    34.4267     7.7462   3.547644     68.698     1.5534  1027.1751     0.0737    606.479 0.0000e+00
   58.32722   11.55182    34.4276     7.7471   3.547801     68.699     1.5567  1027.1756     0.0884    607.479 0.0000e+00
   58.32722   11.55182    34.4245     7.7500   3.547782     68.698     1.5598  1027.1728     0.1062    608.479 0.0000e+00
   58.32722   11.55182    34.4240     7.7515   3.547877     68.697     1.5609  1027.1722     0.0935    609.479 0.0000e+00
   58.32722   11.55182    34.4257     7.7510   3.547990     68.706     1.5620  1027.1737     0.0808    610.479 0.0000e+00
   58.32722   11.55182    34.4221     7.7548   3.547999     68.705     1.5607  1027.1702     0.0808    611.479 0.0000e+00
   58.32722   11.55182    34.4206     7.7580   3.548158     68.698     1.5604  1027.1686     0.0783    612.479 0.0000e+00
   58.32722   11.55182    34.4229     7.7589   3.548455     68.703     1.5606  1027.1702     0.0783    613.479 0.0000e+00
   58.32722   11.55182    34.4209     7.7608   3.548442     68.701     1.5628  1027.1684     0.0747    614.479 0.0000e+00
   58.32722   11.55182    34.4199     7.7618   3.548430     68.700     1.5658  1027.1674     0.0727    615.479 0.0000e+00
   58.32722   11.55182    34.4220     7.7612   3.548583     68.703     1.5631  1027.1692     0.0767    616.479 0.0000e+00
   58.32722   11.55184    34.4247     7.7606   3.548775     68.708     1.5636  1027.1714     0.0996    617.479 0.0000e+00
   58.32722   11.55184    34.4255     7.7620   3.548980     68.706     1.5625  1027.1719     0.0864    618.479 0.0000e+00
   58.32722   11.55184    34.4266     7.7620   3.549078     68.709     1.5625  1027.1727     0.0991    619.479 0.0000e+00
   58.32722   11.55184    34.4294     7.7635   3.549476     68.709     1.5670  1027.1747     0.1078    620.479 0.0000e+00
   58.32722   11.55184    34.4306     7.7684   3.550034     68.704     1.5665  1027.1749     0.0940    621.479 0.0000e+00
   58.32722   11.55184    34.4312     7.7710   3.550331     68.702     1.5671  1027.1750     0.0808    622.479 0.0000e+00
   58.32722   11.55184    34.4314     7.7725   3.550483     68.698     1.5661  1027.1749     0.0773    623.479 0.0000e+00
   58.32722   11.55184    34.4316     7.7732   3.550572     68.701     1.5612  1027.1750     0.0869    624.479 0.0000e+00
   58.32722   11.55184    34.4323     7.7733   3.550636     68.701     1.5635  1027.1755     0.0925    625.479 0.0000e+00
   58.32722   11.55184    34.4332     7.7742   3.550803     68.698     1.5630  1027.1760     0.1200    626.479 0.0000e+00
   58.32722   11.55184    34.4337     7.7751   3.550933     68.694     1.5636  1027.1763     0.0951    627.479 0.0000e+00
   58.32722   11.55184    34.4342     7.7746   3.550932     68.693     1.5643  1027.1767     0.0732    628.479 0.0000e+00
   58.32722   11.55184    34.4340     7.7744   3.550896     68.694     1.5624  1027.1766     0.0737    629.479 0.0000e+00
   58.32722   11.55184    34.4341     7.7722   3.550705     68.693     1.5640  1027.1770     0.0834    630.479 0.0000e+00
   58.32722   11.55184    34.4349     7.7687   3.550459     68.694     1.5638  1027.1782     0.0839    631.479 0.0000e+00
   58.32722   11.55184    34.4356     7.7650   3.550187     68.698     1.5647  1027.1793     0.0854    632.479 0.0000e+00
   58.32722   11.55184    34.4353     7.7644   3.550096     68.699     1.5647  1027.1791     0.0996    633.479 0.0000e+00
   58.32722   11.55184    34.4350     7.7638   3.550020     68.695     1.5678  1027.1790     0.0879    634.479 0.0000e+00
   58.32722   11.55184    34.4352     7.7618   3.549850     68.696     1.5684  1027.1794     0.0991    635.479 0.0000e+00
   58.32722   11.55184    34.4344     7.7625   3.549846     68.696     1.5669  1027.1787     0.1032    636.479 0.0000e+00
   58.32724   11.55184    34.4345     7.7617   3.549777     68.691     1.5669  1027.1788     0.0839    637.479 0.0000e+00
   58.32724   11.55184    34.4349     7.7590   3.549566     68.693     1.5669  1027.1796     0.0798    638.479 0.0000e+00
   58.32724   11.55184    34.4351     7.7564   3.549356     68.694     1.5684  1027.1802     0.0803    639.479 0.0000e+00
   58.32724   11.55184    34.4348     7.7557   3.549255     68.696     1.5686  1027.1800     0.0773    640.479 0.0000e+00
   58.32724   11.55184    34.4345     7.7525   3.548937     68.699     1.5715  1027.1802     0.0813    641.479 0.0000e+00
   58.32724   11.55184    34.4339     7.7514   3.548782     68.698     1.5704  1027.1800     0.0803    642.479 0.0000e+00
   58.32724   11.55184    34.4333     7.7528   3.548856     68.694     1.5703  1027.1792     0.0722    643.479 0.0000e+00
   58.32724   11.55186    34.4335     7.7520   3.548798     68.693     1.5701  1027.1795     0.0798    644.479 0.0000e+00
   58.32724   11.55186    34.4333     7.7513   3.548718     68.691     1.5695  1027.1795     0.0849    645.479 0.0000e+00
   58.32724   11.55186    34.4328     7.7523   3.548762     68.690     1.5689  1027.1789     0.0991    646.479 0.0000e+00
   58.32724   11.55186    34.4326     7.7508   3.548601     68.691     1.5712  1027.1790     0.1062    647.479 0.0000e+00
   58.32724   11.55186    34.4329     7.7477   3.548344     68.698     1.5692  1027.1797     0.0681    648.479 0.0000e+00
   58.32724   11.55186    34.4323     7.7493   3.548444     68.693     1.5666  1027.1790     0.0660    649.479 0.0000e+00
   58.32724   11.55186    34.4324     7.7490   3.548421     68.698     1.5657  1027.1791     0.0727    650.479 0.0000e+00
   58.32724   11.55186    34.4325     7.7494   3.548471     68.698     1.5696  1027.1791     0.0768    651.479 0.0000e+00
   58.32724   11.55186    34.4323     7.7516   3.548647     68.691     1.5690  1027.1786     0.0910    652.479 0.0000e+00
   58.32724   11.55186    34.4319     7.7532   3.548763     68.685     1.5711  1027.1781     0.1017    653.479 0.0000e+00
   58.32722   11.55186    34.4327     7.7520   3.548727     68.689     1.5692  1027.1789     0.0768    654.479 0.0000e+00
