Data/unprocessed_data/Skagerak/SK20181211/SK_20181211_14.cnv
* Sea-Bird SBE 9 Data File:
* FileName = C:\Documents and Settings\Boat\Desktop\OC4920_20181211\SK_20181211_14.hex
* Software Version Seasave V 7.20a
* Temperature SN = 2301
* Conductivity SN = 2401
* Number of Bytes Per Scan = 34
* Number of Voltage Words = 5
* Number of Scans Averaged by the Deck Unit = 1
* NMEA Latitude = 58 19.63 N
* NMEA Longitude = 011 33.09 E
* NMEA UTC (Time) = Apr 27 1999  13:30:04
** StationNumber:
** BottomDepth:
# nquan = 11
# nvalues = 1200                        
# units = specified
# name 0 = latitude: Latitude [deg]
# name 1 = longitude: Longitude [deg]
# name 2 = sal00: Salinity, Practical [PSU]
# name 3 = t090C: Temperature [ITS-90, deg C]
# name 4 = c0S/m: Conductivity [S/m]
# name 5 = prDM: Pressure, Digiquartz [db]
# name 6 = sbeox0V: Oxygen raw, SBE 43 [V]
# name 7 = density00: Density [density, kg/m^3]
# name 8 = flECO-AFL: Fluorescence, WET Labs ECO-AFL/FL [mg/m^3]
# name 9 = timeS: Time, Elapsed [seconds]
# name 10 = flag: flag
# span 0 =   58.32712,   58.32752       
# span 1 =   11.55153,   11.55196       
# span 2 =    34.3839,    34.4683       
# span 3 =     7.5622,     7.8789       
# span 4 =   3.530852,   3.559752       
# span 5 =     68.555,     68.734       
# span 6 =     1.5332,     1.5882       
# span 7 =  1027.1378,  1027.2093       
# span 8 =     0.0614,     0.1550       
# span 9 =      0.479,   1199.021       
# span 10 = 0.0000e+00, 0.0000e+00      
# interval = seconds: 1                 
# start_time = Dec 11 2018 14:30:05 [System UpLoad Time]
# bad_flag = -9.990e-29
*END*
[from data line 1050]
   58.32742   11.55180    34.4264     7.5669   3.531198     68.684     1.5787  1027.2011     0.0762   1050.479 0.0000e+00
   58.32742   11.55180    34.4261     7.5684   3.531312     68.664     1.5763  1027.2006     0.0737   1051.479 0.0000e+00
   58.32744   11.55180    34.4278     7.5699   3.531611     68.653     1.5808  1027.2016     0.0757   1052.479 0.0000e+00
   58.32744   11.55180    34.4264     7.5717   3.531647     68.647     1.5836  1027.2002     0.0757   1053.479 0.0000e+00
   58.32744   11.55180    34.4271     7.5736   3.531884     68.658     1.5817  1027.2006     0.0752   1054.479 0.0000e+00
   58.32744   11.55180    34.4270     7.5727   3.531786     68.672     1.5795  1027.2007     0.0732   1055.479 0.0000e+00
   58.32744   11.55180    34.4273     7.5702   3.531581     68.691     1.5788  1027.2013     0.1154   1056.479 0.0000e+00
   58.32744   11.55180    34.4273     7.5720   3.531748     68.690     1.5791  1027.2011     0.0895   1057.479 0.0000e+00
   58.32744   11.55180    34.4254     7.5732   3.531691     68.683     1.5764  1027.1994     0.0732   1058.479 0.0000e+00
   58.32744   11.55180    34.4270     7.5715   3.531682     68.672     1.5756  1027.2008     0.0727   1059.479 0.0000e+00
   58.32744   11.55180    34.4273     7.5722   3.531771     68.659     1.5772  1027.2009     0.0732   1060.479 0.0000e+00
   58.32744   11.55180    34.4268     7.5750   3.531984     68.660     1.5753  1027.2001     0.0747   1061.479 0.0000e+00
   58.32744   11.55180    34.4263     7.5762   3.532043     68.669     1.5761  1027.1995     0.0834   1062.479 0.0000e+00
   58.32744   11.55180    34.4267     7.5728   3.531770     68.680     1.5762  1027.2004     0.0711   1063.479 0.0000e+00
   58.32744   11.55180    34.4268     7.5716   3.531675     68.692     1.5771  1027.2007     0.0721   1064.479 0.0000e+00
   58.32744   11.55180    34.4265     7.5712   3.531607     68.693     1.5787  1027.2006     0.0747   1065.479 0.0000e+00
   58.32744   11.55180    34.4258     7.5725   3.531660     68.687     1.5760  1027.1998     0.0742   1066.479 0.0000e+00
   58.32744   11.55180    34.4272     7.5711   3.531670     68.670     1.5782  1027.2011     0.0737   1067.479 0.0000e+00
   58.32744   11.55180    34.4272     7.5714   3.531687     68.664     1.5771  1027.2010     0.0757   1068.479 0.0000e+00
   58.32744   11.55180    34.4277     7.5716   3.531751     68.667     1.5742  1027.2014     0.0768   1069.479 0.0000e+00
   58.32744   11.55180    34.4268     7.5729   3.531790     68.676     1.5769  1027.2005     0.0752   1070.479 0.0000e+00
   58.32744   11.55180    34.4268     7.5719   3.531703     68.687     1.5782  1027.2007     0.0757   1071.479 0.0000e+00
   58.32744   11.55180    34.4272     7.5705   3.531609     68.694     1.5739  1027.2012     0.0925   1072.479 0.0000e+00
   58.32744   11.55180    34.4273     7.5707   3.531636     68.689     1.5755  1027.2013     0.0895   1073.479 0.0000e+00
   58.32744   11.55182    34.4275     7.5710   3.531685     68.681     1.5757  1027.2013     0.0829   1074.479 0.0000e+00
   58.32744   11.55182    34.4274     7.5723   3.531789     68.674     1.5790  1027.2011     0.0823   1075.479 0.0000e+00
   58.32744   11.55182    34.4270     7.5713   3.531661     68.673     1.5810  1027.2009     0.0829   1076.479 0.0000e+00
   58.32744   11.55182    34.4274     7.5711   3.531683     68.677     1.5741  1027.2012     0.0803   1077.479 0.0000e+00
   58.32744   11.55182    34.4266     7.5720   3.531690     68.691     1.5711  1027.2005     0.0803   1078.479 0.0000e+00
   58.32744   11.55182    34.4272     7.5688   3.531454     68.694     1.5721  1027.2015     0.0823   1079.479 0.0000e+00
   58.32744   11.55182    34.4259     7.5719   3.531617     68.696     1.5736  1027.2001     0.0747   1080.479 0.0000e+00
   58.32744   11.55182    34.4253     7.5678   3.531193     68.692     1.5755  1027.2002     0.0732   1081.479 0.0000e+00
   58.32744   11.55182    34.4273     7.5654   3.531152     68.678     1.5734  1027.2020     0.0737   1082.479 0.0000e+00
   58.32744   11.55182    34.4265     7.5672   3.531241     68.671     1.5698  1027.2011     0.0768   1083.479 0.0000e+00
   58.32744   11.55184    34.4265     7.5666   3.531192     68.678     1.5714  1027.2012     0.0732   1084.479 0.0000e+00
   58.32744   11.55184    34.4265     7.5661   3.531137     68.683     1.5761  1027.2013     0.0696   1085.479 0.0000e+00
   58.32744   11.55184    34.4263     7.5661   3.531123     68.694     1.5779  1027.2012     0.0716   1086.479 0.0000e+00
   58.32744   11.55184    34.4269     7.5641   3.530996     68.703     1.5773  1027.2020     0.0839   1087.479 0.0000e+00
   58.32744   11.55184    34.4256     7.5654   3.530997     68.706     1.5790  1027.2008     0.0742   1088.479 0.0000e+00
   58.32744   11.55184    34.4255     7.5651   3.530961     68.700     1.5836  1027.2008     0.0732   1089.479 0.0000e+00
   58.32744   11.55184    34.4263     7.5643   3.530960     68.687     1.5815  1027.2014     0.0737   1090.479 0.0000e+00
   58.32744   11.55184    34.4266     7.5648   3.531031     68.683     1.5796  1027.2016     0.0778   1091.479 0.0000e+00
   58.32744   11.55184    34.4267     7.5663   3.531176     68.676     1.5773  1027.2014     0.0823   1092.479 0.0000e+00
   58.32744   11.55184    34.4267     7.5667   3.531217     68.686     1.5751  1027.2014     0.0849   1093.479 0.0000e+00
   58.32744   11.55184    34.4265     7.5644   3.530984     68.688     1.5716  1027.2015     0.0996   1094.479 0.0000e+00
   58.32744   11.55184    34.4266     7.5649   3.531034     68.696     1.5732  1027.2016     0.0655   1095.479 0.0000e+00
   58.32744   11.55184    34.4262     7.5651   3.531015     68.689     1.5753  1027.2012     0.0788   1096.479 0.0000e+00
   58.32744   11.55184    34.4262     7.5650   3.531011     68.680     1.5748  1027.2012     0.0844   1097.479 0.0000e+00
   58.32744   11.55184    34.4258     7.5653   3.531001     68.675     1.5727  1027.2008     0.0778   1098.479 0.0000e+00
   58.32744   11.55184    34.4263     7.5650   3.531022     68.673     1.5763  1027.2012     0.0859   1099.479 0.0000e+00
   58.32744   11.55184    34.4263     7.5658   3.531097     68.679     1.5775  1027.2012     0.0737   1100.479 0.0000e+00
   58.32744   11.55184    34.4264     7.5659   3.531110     68.687     1.5753  1027.2012     0.0742   1101.479 0.0000e+00
   58.32746   11.55184    34.4263     7.5670   3.531200     68.691     1.5807  1027.2010     0.0752   1102.479 0.0000e+00
   58.32746   11.55184    34.4263     7.5668   3.531190     68.690     1.5788  1027.2011     0.0737   1103.479 0.0000e+00
   58.32746   11.55184    34.4265     7.5684   3.531346     68.686     1.5773  1027.2010     0.0742   1104.479 0.0000e+00
   58.32746   11.55184    34.4264     7.5686   3.531365     68.677     1.5776  1027.2008     0.0864   1105.479 0.0000e+00
   58.32746   11.55184    34.4262     7.5722   3.531669     68.672     1.5749  1027.2001     0.0732   1106.479 0.0000e+00
   58.32746   11.55184    34.4263     7.5727   3.531726     68.675     1.5768  1027.2001     0.0773   1107.479 0.0000e+00
   58.32746   11.55184    34.4264     7.5730   3.531758     68.680     1.5759  1027.2002     0.0854   1108.479 0.0000e+00
   58.32746   11.55184    34.4264     7.5724   3.531715     68.688     1.5764  1027.2003     0.0732   1109.479 0.0000e+00
   58.32746   11.55184    34.4263     7.5738   3.531827     68.690     1.5744  1027.2000     0.0747   1110.479 0.0000e+00
   58.32746   11.55184    34.4273     7.5742   3.531954     68.688     1.5751  1027.2007     0.0803   1111.479 0.0000e+00
   58.32746   11.55184    34.4267     7.5779   3.532240     68.687     1.5782  1027.1998     0.1042   1112.479 0.0000e+00
   58.32746   11.55186    34.4279     7.5799   3.532532     68.675     1.5802  1027.2004     0.0768   1113.479 0.0000e+00
   58.32746   11.55186    34.4276     7.5820   3.532701     68.675     1.5761  1027.1998     0.1052   1114.479 0.0000e+00
   58.32746   11.55184    34.4286     7.5872   3.533264     68.672     1.5744  1027.1998     0.0884   1115.479 0.0000e+00
   58.32746   11.55184    34.4274     7.5907   3.533472     68.682     1.5748  1027.1984     0.0768   1116.479 0.0000e+00
   58.32746   11.55184    34.4276     7.5922   3.533637     68.688     1.5763  1027.1984     0.0874   1117.479 0.0000e+00
   58.32746   11.55184    34.4273     7.5954   3.533891     68.690     1.5753  1027.1977     0.0762   1118.479 0.0000e+00
   58.32746   11.55184    34.4267     7.5980   3.534075     68.688     1.5771  1027.1968     0.1047   1119.479 0.0000e+00
   58.32746   11.55186    34.4269     7.5991   3.534197     68.682     1.5796  1027.1968     0.0727   1120.479 0.0000e+00
   58.32746   11.55186    34.4248     7.6009   3.534158     68.675     1.5791  1027.1948     0.0874   1121.479 0.0000e+00
   58.32746   11.55186    34.4244     7.6003   3.534075     68.680     1.5838  1027.1946     0.0722   1122.479 0.0000e+00
   58.32746   11.55186    34.4266     7.5982   3.534086     68.680     1.5840  1027.1967     0.1022   1123.479 0.0000e+00
   58.32746   11.55186    34.4267     7.5990   3.534173     68.685     1.5803  1027.1966     0.0895   1124.479 0.0000e+00
   58.32746   11.55186    34.4240     7.6002   3.534030     68.691     1.5787  1027.1944     0.0884   1125.479 0.0000e+00
   58.32746   11.55186    34.4253     7.6001   3.534148     68.690     1.5770  1027.1955     0.0768   1126.479 0.0000e+00
   58.32746   11.55186    34.4259     7.6006   3.534236     68.686     1.5807  1027.1958     0.0773   1127.479 0.0000e+00
   58.32746   11.55186    34.4232     7.6044   3.534337     68.677     1.5847  1027.1931     0.0869   1128.479 0.0000e+00
   58.32746   11.55186    34.4264     7.5984   3.534079     68.675     1.5859  1027.1965     0.0879   1129.479 0.0000e+00
   58.32746   11.55186    34.4340     7.5906   3.534073     68.675     1.5837  1027.2035     0.0747   1130.479 0.0000e+00
   58.32746   11.55186    34.4304     7.5947   3.534116     68.680     1.5830  1027.2002     0.0884   1131.479 0.0000e+00
   58.32748   11.55186    34.4309     7.5965   3.534320     68.684     1.5836  1027.2003     0.0879   1132.479 0.0000e+00
   58.32748   11.55186    34.4245     7.6047   3.534489     68.688     1.5821  1027.1941     0.0747   1133.479 0.0000e+00
   58.32748   11.55186    34.4247     7.6063   3.534647     68.687     1.5822  1027.1940     0.0747   1134.479 0.0000e+00
   58.32748   11.55186    34.4289     7.6042   3.534843     68.683     1.5850  1027.1976     0.0859   1135.479 0.0000e+00
   58.32748   11.55186    34.4278     7.6039   3.534717     68.682     1.5865  1027.1968     0.0747   1136.479 0.0000e+00
   58.32748   11.55186    34.4300     7.6015   3.534703     68.677     1.5872  1027.1989     0.0752   1137.479 0.0000e+00
   58.32748   11.55186    34.4292     7.6033   3.534792     68.677     1.5882  1027.1979     0.0869   1138.479 0.0000e+00
   58.32748   11.55186    34.4199     7.6129   3.534819     68.684     1.5850  1027.1893     0.1017   1139.479 0.0000e+00
   58.32748   11.55186    34.4255     7.6048   3.534587     68.685     1.5831  1027.1948     0.0813   1140.479 0.0000e+00
   58.32748   11.55186    34.4286     7.6026   3.534666     68.687     1.5795  1027.1976     0.0773   1141.479 0.0000e+00
   58.32750   11.55186    34.4281     7.6025   3.534620     68.687     1.5772  1027.1973     0.0864   1142.479 0.0000e+00
   58.32750   11.55186    34.4286     7.6012   3.534542     68.684     1.5770  1027.1978     0.0895   1143.479 0.0000e+00
   58.32750   11.55186    34.4292     7.6025   3.534718     68.679     1.5817  1027.1980     0.0767   1144.479 0.0000e+00
   58.32750   11.55186    34.4292     7.6055   3.534992     68.676     1.5833  1027.1976     0.0971   1145.479 0.0000e+00
   58.32750   11.55188    34.4293     7.6080   3.535230     68.679     1.5816  1027.1974     0.0925   1146.479 0.0000e+00
   58.32750   11.55188    34.4284     7.6100   3.535333     68.684     1.5796  1027.1964     0.0808   1147.479 0.0000e+00
   58.32750   11.55188    34.4277     7.6050   3.534805     68.689     1.5786  1027.1966     0.0757   1148.479 0.0000e+00
   58.32750   11.55188    34.4289     7.5950   3.534012     68.689     1.5765  1027.1990     0.0757   1149.479 0.0000e+00
   58.32752   11.55188    34.4285     7.5945   3.533922     68.685     1.5751  1027.1987     0.0961   1150.479 0.0000e+00
   58.32752   11.55188    34.4309     7.5996   3.534606     68.682     1.5778  1027.1999     0.0935   1151.479 0.0000e+00
   58.32752   11.55188    34.4285     7.6030   3.534704     68.677     1.5800  1027.1975     0.0788   1152.479 0.0000e+00
   58.32752   11.55188    34.4290     7.5987   3.534358     68.681     1.5786  1027.1985     0.0742   1153.479 0.0000e+00
   58.32752   11.55188    34.4252     7.6030   3.534387     68.682     1.5762  1027.1948     0.0762   1154.479 0.0000e+00
   58.32752   11.55188    34.4286     7.5954   3.534017     68.684     1.5786  1027.1987     0.0818   1155.479 0.0000e+00
   58.32752   11.55188    34.4317     7.5901   3.533812     68.690     1.5797  1027.2019     0.0798   1156.479 0.0000e+00
   58.32752   11.55188    34.4294     7.5914   3.533718     68.689     1.5805  1027.1999     0.0752   1157.479 0.0000e+00
   58.32752   11.55188    34.4308     7.5942   3.534112     68.684     1.5810  1027.2006     0.0813   1158.479 0.0000e+00
   58.32752   11.55188    34.4344     7.5896   3.534017     68.684     1.5802  1027.2040     0.0788   1159.479 0.0000e+00
   58.32750   11.55188    34.4288     7.5957   3.534057     68.682     1.5769  1027.1988     0.0976   1160.479 0.0000e+00
   58.32750   11.55188    34.4307     7.5965   3.534311     68.681     1.5753  1027.2001     0.0930   1161.479 0.0000e+00
   58.32750   11.55188    34.4318     7.5985   3.534594     68.684     1.5773  1027.2007     0.0813   1162.479 0.0000e+00
   58.32750   11.55188    34.4260     7.6126   3.535339     68.692     1.5775  1027.1941     0.0803   1163.479 0.0000e+00
   58.32750   11.55188    34.4265     7.6141   3.535533     68.697     1.5805  1027.1944     0.0813   1164.479 0.0000e+00
   58.32750   11.55188    34.4268     7.6141   3.535561     68.697     1.5787  1027.1946     0.0961   1165.479 0.0000e+00
   58.32752   11.55188    34.4270     7.6125   3.535431     68.694     1.5773  1027.1950     0.0920   1166.479 0.0000e+00
   58.32752   11.55188    34.4254     7.6131   3.535335     68.683     1.5778  1027.1936     0.0768   1167.479 0.0000e+00
   58.32752   11.55188    34.4272     7.6120   3.535402     68.681     1.5782  1027.1951     0.0813   1168.479 0.0000e+00
   58.32752   11.55188    34.4262     7.6131   3.535408     68.679     1.5780  1027.1942     0.0813   1169.479 0.0000e+00
   58.32752   11.55188    34.4287     7.6123   3.535573     68.684     1.5812  1027.1963     0.0747   1170.479 0.0000e+00
   58.32752   11.55188    34.4294     7.6132   3.535720     68.692     1.5798  1027.1968     0.0874   1171.479 0.0000e+00
   58.32752   11.55188    34.4297     7.6132   3.535743     68.699     1.5801  1027.1970     0.1062   1172.479 0.0000e+00
   58.32752   11.55188    34.4363     7.6056   3.535661     68.694     1.5774  1027.2033     0.0925   1173.479 0.0000e+00
   58.32752   11.55188    34.4249     7.6192   3.535846     68.694     1.5751  1027.1924     0.0768   1174.479 0.0000e+00
   58.32752   11.55188    34.4298     7.6169   3.536100     68.684     1.5746  1027.1965     0.0803   1175.479 0.0000e+00
   58.32752   11.55188    34.4255     7.6211   3.536071     68.683     1.5737  1027.1925     0.0874   1176.479 0.0000e+00
   58.32752   11.55188    34.4265     7.6255   3.536577     68.682     1.5699  1027.1926     0.0839   1177.479 0.0000e+00
   58.32752   11.55188    34.4182     7.6383   3.536975     68.689     1.5697  1027.1842     0.0757   1178.479 0.0000e+00
   58.32752   11.55188    34.4232     7.6418   3.537760     68.689     1.5679  1027.1877     0.0788   1179.479 0.0000e+00
