Data/unprocessed_data/Skagerak/SK20181211/SK_20181211_07.cnv
* Sea-Bird SBE 9 Data File:
* FileName = C:\Documents and Settings\Boat\Desktop\OC4920_20181211\SK_20181211_07.hex
* Software Version Seasave V 7.20a
* Temperature SN = 2301
* Conductivity SN = 2401
* Number of Bytes Per Scan = 34
* Number of Voltage Words = 5
* Number of Scans Averaged by the Deck Unit = 1
* NMEA Latitude = 58 23.32 N
* NMEA Longitude = 011 34.72 E
* NMEA UTC (Time) = Apr 27 1999  11:46:18
** StationNumber:
** BottomDepth:
# nquan = 11
# nvalues = 34                          
# units = specified
# name 0 = latitude: Latitude [deg]
# name 1 = longitude: Longitude [deg]
# name 2 = sal00: Salinity, Practical [PSU]
# name 3 = t090C: Temperature [ITS-90, deg C]
# name 4 = c0S/m: Conductivity [S/m]
# name 5 = prDM: Pressure, Digiquartz [db]
# name 6 = sbeox0V: Oxygen raw, SBE 43 [V]
# name 7 = density00: Density [density, kg/m^3]
# name 8 = flECO-AFL: Fluorescence, WET Labs ECO-AFL/FL [mg/m^3]
# name 9 = timeJ: Julian Days
# name 10 = flag: flag
# span 0 =   58.38880,   58.38888       
# span 1 =   11.57874,   11.57880       
# span 2 =    25.4889,    34.3112       
# span 3 =     6.3230,    10.3516       
# span 4 =   2.601952,   3.727349       
# span 5 =      1.000,     34.000       
# span 6 =     2.0710,     4.2676       
# span 7 =  1020.0159,  1026.5984       
# span 8 =    -0.0034,     0.7015       
# span 9 = 345.532475, 345.533542       
# span 10 = 0.0000e+00, 0.0000e+00      
# interval = decibars: 1                
# start_time = Dec 11 2018 12:46:19 [System UpLoad Time]
# bad_flag = -9.990e-29
*END*
   58.38880   11.57876    25.4889     6.3230   2.601952      1.000     2.2446  1020.0159     0.7015 345.532475 0.0000e+00
   58.38880   11.57878    26.5977     6.9063   2.746489      2.000     2.1977  1020.8280     0.6828 345.532677 0.0000e+00
   58.38880   11.57878    27.5164     7.4079   2.869803      3.000     2.1780  1021.4937     0.6230 345.532705 0.0000e+00
   58.38880   11.57880    28.3124     7.9177   2.984542      4.000     2.1606  1022.0560     0.6028 345.532727 0.0000e+00
   58.38880   11.57878    29.6041     8.7838   3.177467      5.000     2.1189  1022.9506     0.4139 345.532751 0.0000e+00
   58.38882   11.57878    30.4938     9.3490   3.310611      6.000     2.0812  1023.5658     0.3207 345.532775 0.0000e+00
   58.38882   11.57878    31.4978     9.8306   3.450236      7.000     2.0710  1024.2779     0.2408 345.532797 0.0000e+00
   58.38882   11.57876    32.1833    10.0755   3.539336      8.000     2.1186  1024.7771     0.1766 345.532820 0.0000e+00
   58.38882   11.57876    32.4847    10.1535   3.576133      9.000     2.2833  1025.0037     0.1350 345.532844 0.0000e+00
   58.38882   11.57876    32.6263    10.1439   3.589344     10.000     2.5702  1025.1202     0.0773 345.532867 0.0000e+00
   58.38882   11.57876    32.9278    10.2821   3.631647     11.000     3.1161  1025.3365     0.0665 345.532890 0.0000e+00
   58.38882   11.57876    33.3003    10.3460   3.674398     12.000     3.9085  1025.6206     0.0320 345.532913 0.0000e+00
   58.38884   11.57876    33.4234    10.3516   3.687155     13.000     4.2676  1025.7202     0.0467 345.532936 0.0000e+00
   58.38884   11.57878    33.5162    10.3396   3.695297     14.000     4.2424  1025.7991     0.0311 345.532959 0.0000e+00
   58.38884   11.57878    33.6686    10.3494   3.711334     15.000     3.9605  1025.9208     0.0208 345.532982 0.0000e+00
   58.38884   11.57878    33.7687    10.3090   3.717571     16.000     3.7032  1026.0103     0.0302 345.533004 0.0000e+00
   58.38884   11.57878    33.8431    10.2106   3.715893     17.000     3.5236  1026.0898    -0.0034 345.533027 0.0000e+00
   58.38884   11.57878    33.8887    10.1813   3.717734     18.000     3.2880  1026.1349     0.0154 345.533050 0.0000e+00
   58.38884   11.57878    33.9548    10.1312   3.719672     19.000     3.1095  1026.1996     0.0068 345.533073 0.0000e+00
   58.38886   11.57878    34.0173    10.1012   3.723087     20.000     2.9490  1026.2580     0.0215 345.533096 0.0000e+00
   58.38886   11.57878    34.0601    10.0610   3.723621     21.000     2.8152  1026.3028     0.0230 345.533119 0.0000e+00
   58.38886   11.57878    34.0965    10.0288   3.724253     22.000     2.7195  1026.3412     0.0133 345.533142 0.0000e+00
   58.38886   11.57878    34.1068    10.0066   3.723258     23.000     2.6651  1026.3576     0.0373 345.533165 0.0000e+00
   58.38886   11.57876    34.1253     9.9911   3.723669     24.000     2.6362  1026.3791     0.0279 345.533187 0.0000e+00
   58.38888   11.57876    34.1504     9.9735   3.724553     25.000     2.5932  1026.4063     0.0288 345.533210 0.0000e+00
   58.38888   11.57876    34.1632     9.9621   3.724792     26.000     2.5801  1026.4227     0.0215 345.533233 0.0000e+00
   58.38888   11.57876    34.1763     9.9513   3.725112     27.000     2.5427  1026.4393     0.0192 345.533255 0.0000e+00
   58.38888   11.57876    34.1903     9.9422   3.725683     28.000     2.5697  1026.4563     0.0364 345.533277 0.0000e+00
   58.38888   11.57876    34.2068     9.9256   3.725812     29.000     2.5692  1026.4765     0.0256 345.533300 0.0000e+00
   58.38888   11.57876    34.2194     9.9158   3.726169     30.000     2.5501  1026.4925     0.0288 345.533323 0.0000e+00
   58.38888   11.57876    34.2419     9.8961   3.726591     31.000     2.5562  1026.5180     0.0250 345.533347 0.0000e+00
   58.38888   11.57874    34.2608     9.8839   3.727349     32.000     2.5548  1026.5393     0.0357 345.533396 0.0000e+00
   58.38888   11.57874    34.2804     9.8620   3.727271     33.000     2.5398  1026.5629     0.0402 345.533465 0.0000e+00
   58.38888   11.57874    34.3112     9.8208   3.726498     34.000     2.5179  1026.5984     0.0498 345.533542 0.0000e+00
