Data/unprocessed_data/Skagerak/SK20181211/SK_20181211_06.cnv
* Sea-Bird SBE 9 Data File:
* FileName = C:\Documents and Settings\Boat\Desktop\OC4920_20181211\SK_20181211_06.hex
* Software Version Seasave V 7.20a
* Temperature SN = 2301
* Conductivity SN = 2401
* Number of Bytes Per Scan = 34
* Number of Voltage Words = 5
* Number of Scans Averaged by the Deck Unit = 1
* NMEA Latitude = 58 22.04 N
* NMEA Longitude = 011 34.64 E
* NMEA UTC (Time) = Apr 27 1999  10:56:08
** StationNumber:
** BottomDepth:
# nquan = 11
# nvalues = 1848                        
# units = specified
# name 0 = latitude: Latitude [deg]
# name 1 = longitude: Longitude [deg]
# name 2 = sal00: Salinity, Practical [PSU]
# name 3 = t090C: Temperature [ITS-90, deg C]
# name 4 = c0S/m: Conductivity [S/m]
# name 5 = prDM: Pressure, Digiquartz [db]
# name 6 = sbeox0V: Oxygen raw, SBE 43 [V]
# name 7 = density00: Density [density, kg/m^3]
# name 8 = flECO-AFL: Fluorescence, WET Labs ECO-AFL/FL [mg/m^3]
# name 9 = timeS: Time, Elapsed [seconds]
# name 10 = flag: flag
# span 0 =   58.36694,   58.36746       
# span 1 =   11.57710,   11.57794       
# span 2 =    29.1600,    30.8253       
# span 3 =     8.5471,     9.4719       
# span 4 =   3.115321,   3.353321       
# span 5 =      4.954,      5.030       
# span 6 =     1.9966,     2.1983       
# span 7 =  1022.6375,  1023.8011       
# span 8 =     0.1723,     1.4854       
# span 9 =      0.479,   1847.042       
# span 10 = 0.0000e+00, 0.0000e+00      
# interval = seconds: 1                 
# start_time = Dec 11 2018 11:56:09 [System UpLoad Time]
# bad_flag = -9.990e-29
*END*
[from data line 394]
   58.36730   11.57780    29.6474     8.9011   3.190983      5.005     2.0646  1022.9677     0.4720    394.479 0.0000e+00
   58.36730   11.57780    29.6487     8.9066   3.191555      5.006     2.0623  1022.9679     0.2965    395.479 0.0000e+00
   58.36730   11.57780    29.6538     8.9098   3.192307      5.011     2.0596  1022.9715     0.3423    396.479 0.0000e+00
   58.36730   11.57780    29.6502     8.9101   3.191989      5.009     2.0637  1022.9686     0.3423    397.479 0.0000e+00
   58.36730   11.57780    29.6437     8.9046   3.190909      5.004     2.0643  1022.9643     0.3418    398.479 0.0000e+00
   58.36730   11.57780    29.6482     8.9040   3.191295      4.999     2.0621  1022.9679     0.3616    399.479 0.0000e+00
   58.36730   11.57780    29.6488     8.9090   3.191761      5.002     2.0605  1022.9677     1.4854    400.479 0.0000e+00
   58.36730   11.57780    29.6515     8.9090   3.192023      5.003     2.0637  1022.9697     0.3652    401.479 0.0000e+00
   58.36730   11.57780    29.6519     8.9087   3.192044      5.008     2.0608  1022.9702     0.3301    402.479 0.0000e+00
   58.36730   11.57780    29.6547     8.9091   3.192347      5.012     2.0589  1022.9723     0.3179    403.479 0.0000e+00
   58.36730   11.57782    29.6575     8.9103   3.192718      5.011     2.0652  1022.9743     0.3896    404.479 0.0000e+00
   58.36730   11.57782    29.6563     8.9105   3.192613      5.006     2.0660  1022.9733     0.3438    405.479 0.0000e+00
   58.36730   11.57782    29.6561     8.9096   3.192514      5.004     2.0591  1022.9733     0.4008    406.479 0.0000e+00
   58.36730   11.57782    29.6571     8.9094   3.192597      4.999     2.0580  1022.9740     0.3342    407.479 0.0000e+00
   58.36730   11.57784    29.6543     8.9078   3.192201      5.001     2.0555  1022.9722     0.3530    408.479 0.0000e+00
   58.36730   11.57784    29.6528     8.9051   3.191835      5.004     2.0556  1022.9713     0.3652    409.479 0.0000e+00
   58.36730   11.57784    29.6496     8.9059   3.191593      5.010     2.0597  1022.9688     0.3331    410.479 0.0000e+00
   58.36730   11.57784    29.6490     8.9034   3.191323      5.011     2.0612  1022.9687     0.3179    411.479 0.0000e+00
   58.36730   11.57784    29.6486     8.9034   3.191281      5.009     2.0597  1022.9683     0.3286    412.479 0.0000e+00
   58.36730   11.57784    29.6502     8.9046   3.191548      5.009     2.0628  1022.9694     0.3087    413.479 0.0000e+00
   58.36730   11.57784    29.6473     8.9046   3.191256      5.002     2.0569  1022.9671     0.3372    414.479 0.0000e+00
   58.36730   11.57784    29.6482     8.9002   3.190981      5.001     2.0583  1022.9684     0.3316    415.479 0.0000e+00
   58.36730   11.57784    29.6431     8.8983   3.190341      4.999     2.0590  1022.9648     0.3092    416.479 0.0000e+00
   58.36730   11.57784    29.6353     8.9015   3.189843      5.009     2.0590  1022.9583     0.3357    417.479 0.0000e+00
   58.36730   11.57784    29.6257     8.8949   3.188362      5.014     2.0580  1022.9517     0.2812    418.479 0.0000e+00
   58.36730   11.57784    29.6235     8.8829   3.187184      5.011     2.0561  1022.9518     0.3463    419.479 0.0000e+00
   58.36728   11.57784    29.6296     8.8823   3.187724      5.008     2.0525  1022.9566     0.3570    420.479 0.0000e+00
   58.36728   11.57784    29.6358     8.8884   3.188824      5.006     2.0502  1022.9606     0.3738    421.479 0.0000e+00
   58.36728   11.57784    29.6208     8.8946   3.187863      5.004     2.0477  1022.9479     0.3117    422.479 0.0000e+00
   58.36728   11.57784    29.6240     8.8922   3.187984      5.001     2.0474  1022.9507     0.3301    423.479 0.0000e+00
   58.36728   11.57784    29.6112     8.8906   3.186610      5.004     2.0573  1022.9410     0.3138    424.479 0.0000e+00
   58.36728   11.57784    29.6112     8.8885   3.186442      5.008     2.0620  1022.9413     0.3326    425.479 0.0000e+00
   58.36728   11.57784    29.5974     8.8882   3.185078      5.011     2.0654  1022.9306     0.4043    426.479 0.0000e+00
   58.36728   11.57784    29.5906     8.8837   3.184040      5.014     2.0657  1022.9259     0.3662    427.479 0.0000e+00
   58.36728   11.57786    29.5983     8.8828   3.184725      5.011     2.0657  1022.9321     0.3931    428.479 0.0000e+00
   58.36728   11.57786    29.5881     8.8830   3.183737      5.008     2.0625  1022.9240     0.3647    429.479 0.0000e+00
   58.36728   11.57786    29.5685     8.8759   3.181258      5.005     2.0601  1022.9098     0.3921    430.479 0.0000e+00
   58.36728   11.57786    29.5845     8.8547   3.181095      5.003     2.0572  1022.9254     0.3575    431.479 0.0000e+00
   58.36728   11.57786    29.5726     8.8667   3.180914      5.005     2.0509  1022.9143     0.3220    432.479 0.0000e+00
   58.36728   11.57786    29.5744     8.8675   3.181153      5.007     2.0536  1022.9156     0.3733    433.479 0.0000e+00
   58.36728   11.57786    29.5263     8.8583   3.175741      5.013     2.0501  1022.8794     0.3957    434.479 0.0000e+00
   58.36728   11.57786    29.5526     8.7707   3.171214      5.013     2.0505  1022.9128     0.3530    435.479 0.0000e+00
   58.36728   11.57786    29.5096     8.7952   3.169014      5.010     2.0488  1022.8756     0.3672    436.479 0.0000e+00
   58.36728   11.57786    29.4955     8.8070   3.168600      5.008     2.0480  1022.8628     0.3764    437.479 0.0000e+00
   58.36728   11.57786    29.4977     8.7933   3.167711      5.006     2.0526  1022.8665     0.3880    438.479 0.0000e+00
   58.36728   11.57786    29.4865     8.8421   3.170555      5.005     2.0580  1022.8506     0.3962    439.479 0.0000e+00
   58.36728   11.57788    29.5179     8.8560   3.174741      5.013     2.0578  1022.8732     0.3840    440.479 0.0000e+00
   58.36728   11.57788    29.5328     8.8630   3.176749      5.013     2.0591  1022.8838     0.3855    441.479 0.0000e+00
   58.36728   11.57788    29.5325     8.8263   3.173751      5.013     2.0568  1022.8889     0.4109    442.479 0.0000e+00
   58.36728   11.57788    29.5160     8.8335   3.172735      5.016     2.0556  1022.8750     0.3626    443.479 0.0000e+00
   58.36728   11.57788    29.5159     8.7985   3.169895      5.010     2.0547  1022.8800     0.3311    444.479 0.0000e+00
   58.36728   11.57788    29.5004     8.7809   3.166970      5.008     2.0569  1022.8705     0.3224    445.479 0.0000e+00
   58.36728   11.57788    29.5099     8.7651   3.166616      5.013     2.0555  1022.8803     0.3351    446.479 0.0000e+00
   58.36728   11.57788    29.4876     8.7646   3.164406      5.014     2.0563  1022.8629     0.3672    447.479 0.0000e+00
   58.36728   11.57788    29.4894     8.7846   3.166199      5.015     2.0526  1022.8613     0.3311    448.479 0.0000e+00
   58.36728   11.57788    29.5507     8.7792   3.171714      5.018     2.0503  1022.9101     0.3112    449.479 0.0000e+00
   58.36728   11.57788    29.5307     8.7888   3.170541      5.015     2.0496  1022.8930     0.3072    450.479 0.0000e+00
   58.36728   11.57788    29.5026     8.7654   3.165936      5.013     2.0521  1022.8745     0.2934    451.479 0.0000e+00
   58.36728   11.57788    29.4602     8.7938   3.164104      5.013     2.0491  1022.8372     0.2985    452.479 0.0000e+00
   58.36728   11.57788    29.4721     8.7826   3.164363      5.010     2.0470  1022.8481     0.3250    453.479 0.0000e+00
   58.36728   11.57788    29.4534     8.7848   3.162717      5.012     2.0508  1022.8331     0.3494    454.479 0.0000e+00
   58.36728   11.57788    29.4463     8.7552   3.159652      5.015     2.0497  1022.8320     0.3520    455.479 0.0000e+00
   58.36728   11.57788    29.4403     8.7563   3.159152      5.015     2.0486  1022.8271     0.3667    456.479 0.0000e+00
   58.36728   11.57788    29.4283     8.7620   3.158455      5.014     2.0510  1022.8169     0.3575    457.479 0.0000e+00
   58.36728   11.57788    29.3905     8.7335   3.152484      5.013     2.0497  1022.7914     0.3423    458.479 0.0000e+00
   58.36728   11.57788    29.4011     8.7228   3.152659      5.013     2.0497  1022.8013     0.3550    459.479 0.0000e+00
   58.36728   11.57788    29.4372     8.7786   3.160657      5.013     2.0477  1022.8214     0.3952    460.479 0.0000e+00
   58.36728   11.57788    29.5219     8.8500   3.174639      5.010     2.0478  1022.8772     0.4359    461.479 0.0000e+00
   58.36726   11.57788    29.6114     8.8639   3.184467      5.015     2.0433  1022.9452     0.4369    462.479 0.0000e+00
   58.36726   11.57788    29.5789     8.8501   3.180191      5.010     2.0367  1022.9217     0.4216    463.479 0.0000e+00
   58.36726   11.57788    29.5599     8.8632   3.179396      5.020     2.0356  1022.9050     0.4222    464.479 0.0000e+00
   58.36726   11.57788    29.5482     8.8472   3.176974      5.018     2.0335  1022.8982     0.3245    465.479 0.0000e+00
   58.36726   11.57788    29.5086     8.7919   3.168656      5.013     2.0374  1022.8753     0.3820    466.479 0.0000e+00
   58.36726   11.57788    29.5269     8.8246   3.173066      5.013     2.0368  1022.8848     0.4613    467.479 0.0000e+00
   58.36726   11.57788    29.5322     8.8276   3.173834      5.012     2.0368  1022.8885     0.3998    468.479 0.0000e+00
   58.36726   11.57788    29.5261     8.8583   3.175717      5.010     2.0406  1022.8792     0.4756    469.479 0.0000e+00
   58.36726   11.57788    29.5465     8.8507   3.177092      5.012     2.0420  1022.8963     0.4700    470.479 0.0000e+00
   58.36726   11.57788    29.5644     8.8558   3.179239      5.017     2.0425  1022.9096     0.3352    471.479 0.0000e+00
   58.36726   11.57788    29.5723     8.8547   3.179915      5.020     2.0398  1022.9159     0.4186    472.479 0.0000e+00
   58.36726   11.57788    29.5635     8.8583   3.179352      5.022     2.0355  1022.9085     0.4654    473.479 0.0000e+00
   58.36726   11.57788    29.5490     8.8391   3.176391      5.017     2.0345  1022.9000     0.4053    474.479 0.0000e+00
   58.36726   11.57788    29.5384     8.8293   3.174573      5.014     2.0360  1022.8931     0.3581    475.479 0.0000e+00
   58.36724   11.57788    29.5403     8.8446   3.175988      5.014     2.0390  1022.8924     0.3845    476.479 0.0000e+00
   58.36724   11.57788    29.5648     8.8428   3.178223      5.012     2.0360  1022.9118     0.4109    477.479 0.0000e+00
   58.36724   11.57788    29.5495     8.8514   3.177433      5.011     2.0317  1022.8985     0.3758    478.479 0.0000e+00
   58.36724   11.57788    29.5797     8.8621   3.181235      5.017     2.0295  1022.9206     0.3514    479.479 0.0000e+00
   58.36724   11.57788    29.6178     8.8932   3.187465      5.022     2.0305  1022.9459     0.3352    480.479 0.0000e+00
   58.36724   11.57788    29.6358     8.8958   3.189424      5.017     2.0323  1022.9595     0.3825    481.479 0.0000e+00
   58.36724   11.57788    29.6323     8.8957   3.189083      5.012     2.0300  1022.9568     0.4109    482.479 0.0000e+00
   58.36724   11.57788    29.6441     8.9021   3.190743      5.012     2.0266  1022.9650     0.3616    483.479 0.0000e+00
   58.36724   11.57790    29.6405     8.9040   3.190546      5.007     2.0283  1022.9619     0.4578    484.479 0.0000e+00
   58.36724   11.57790    29.6331     8.9000   3.189503      5.010     2.0330  1022.9568     0.3367    485.479 0.0000e+00
   58.36724   11.57788    29.6353     8.8895   3.188866      5.012     2.0337  1022.9600     0.4990    486.479 0.0000e+00
   58.36724   11.57788    29.6403     8.8959   3.189875      5.017     2.0311  1022.9630     0.3784    487.479 0.0000e+00
   58.36722   11.57788    29.6473     8.9090   3.191613      5.017     2.0334  1022.9665     0.3540    488.479 0.0000e+00
   58.36722   11.57788    29.6560     8.9143   3.192890      5.017     2.0406  1022.9725     0.3184    489.479 0.0000e+00
   58.36722   11.57790    29.6660     8.9159   3.193995      5.014     2.0383  1022.9801     0.4634    490.479 0.0000e+00
   58.36722   11.57790    29.6648     8.9134   3.193678      5.009     2.0376  1022.9795     0.3199    491.479 0.0000e+00
   58.36722   11.57788    29.6721     8.9184   3.194788      5.011     2.0342  1022.9845     0.3657    492.479 0.0000e+00
   58.36722   11.57788    29.6797     8.9194   3.195605      5.007     2.0332  1022.9903     0.3667    493.479 0.0000e+00
   58.36722   11.57790    29.6834     8.9195   3.195975      5.013     2.0355  1022.9932     0.3438    494.479 0.0000e+00
   58.36722   11.57790    29.6825     8.9202   3.195948      5.013     2.0326  1022.9924     0.3997    495.479 0.0000e+00
   58.36722   11.57790    29.6809     8.9202   3.195794      5.016     2.0324  1022.9912     0.3692    496.479 0.0000e+00
   58.36722   11.57790    29.6819     8.9201   3.195887      5.011     2.0308  1022.9919     0.5809    497.479 0.0000e+00
   58.36722   11.57790    29.6831     8.9204   3.196026      5.008     2.0284  1022.9928     0.5657    498.479 0.0000e+00
   58.36722   11.57790    29.6859     8.9217   3.196397      5.006     2.0286  1022.9947     0.3657    499.479 0.0000e+00
   58.36722   11.57790    29.6889     8.9226   3.196768      5.001     2.0301  1022.9970     0.4613    500.479 0.0000e+00
   58.36722   11.57790    29.6907     8.9230   3.196979      5.003     2.0311  1022.9984     0.3066    501.479 0.0000e+00
   58.36722   11.57790    29.6909     8.9243   3.197101      5.009     2.0329  1022.9983     0.4068    502.479 0.0000e+00
   58.36722   11.57790    29.6904     8.9243   3.197053      5.013     2.0313  1022.9980     0.3239    503.479 0.0000e+00
   58.36722   11.57790    29.6892     8.9245   3.196945      5.013     2.0299  1022.9970     0.3255    504.479 0.0000e+00
   58.36722   11.57790    29.6871     8.9265   3.196912      5.011     2.0312  1022.9950     0.5030    505.479 0.0000e+00
   58.36722   11.57790    29.6881     8.9278   3.197111      5.008     2.0282  1022.9956     0.4496    506.479 0.0000e+00
   58.36722   11.57790    29.6876     8.9277   3.197058      5.005     2.0300  1022.9953     0.3692    507.479 0.0000e+00
   58.36722   11.57790    29.6938     8.9219   3.197186      5.004     2.0369  1023.0009     0.3733    508.479 0.0000e+00
   58.36722   11.57790    29.6965     8.9206   3.197350      5.006     2.0390  1023.0033     0.4074    509.479 0.0000e+00
   58.36722   11.57790    29.6967     8.9196   3.197284      5.013     2.0391  1023.0036     0.4740    510.479 0.0000e+00
   58.36722   11.57790    29.6929     8.9326   3.197968      5.013     2.0387  1022.9987     0.4160    511.479 0.0000e+00
   58.36722   11.57790    29.6948     8.9339   3.198253      5.015     2.0375  1023.0000     0.3464    512.479 0.0000e+00
   58.36722   11.57790    29.6954     8.9358   3.198471      5.012     2.0396  1023.0002     0.3301    513.479 0.0000e+00
   58.36722   11.57790    29.6968     8.9361   3.198633      5.010     2.0383  1023.0012     0.3301    514.479 0.0000e+00
   58.36722   11.57790    29.6982     8.9367   3.198813      5.007     2.0342  1023.0022     0.4689    515.479 0.0000e+00
   58.36722   11.57790    29.7009     8.9378   3.199163      5.007     2.0335  1023.0041     0.4924    516.479 0.0000e+00
   58.36722   11.57790    29.7045     8.9382   3.199549      5.007     2.0377  1023.0069     0.3937    517.479 0.0000e+00
   58.36722   11.57792    29.7065     8.9396   3.199867      5.010     2.0406  1023.0083     0.3794    518.479 0.0000e+00
   58.36722   11.57792    29.7072     8.9402   3.199974      5.014     2.0413  1023.0087     0.4390    519.479 0.0000e+00
   58.36722   11.57792    29.7057     8.9393   3.199758      5.011     2.0382  1023.0077     0.3855    520.479 0.0000e+00
   58.36722   11.57792    29.7039     8.9383   3.199505      5.009     2.0381  1023.0064     0.3499    521.479 0.0000e+00
   58.36720   11.57792    29.7021     8.9371   3.199235      5.009     2.0385  1023.0052     0.3621    522.479 0.0000e+00
   58.36720   11.57792    29.7011     8.9354   3.198993      5.010     2.0356  1023.0046     0.3367    523.479 0.0000e+00
