Data/unprocessed_data/Skagerak/SK20181211/SK_20181211_12.cnv
* Sea-Bird SBE 9 Data File:
* FileName = C:\Documents and Settings\Boat\Desktop\OC4920_20181211\SK_20181211_12.hex
* Software Version Seasave V 7.20a
* Temperature SN = 2301
* Conductivity SN = 2401
* Number of Bytes Per Scan = 34
* Number of Voltage Words = 5
* Number of Scans Averaged by the Deck Unit = 1
* NMEA Latitude = 58 24.83 N
* NMEA Longitude = 011 35.94 E
* NMEA UTC (Time) = Apr 27 1999  12:38:52
** StationNumber:
** BottomDepth:
# nquan = 11
# nvalues = 23                          
# units = specified
# name 0 = latitude: Latitude [deg]
# name 1 = longitude: Longitude [deg]
# name 2 = sal00: Salinity, Practical [PSU]
# name 3 = t090C: Temperature [ITS-90, deg C]
# name 4 = c0S/m: Conductivity [S/m]
# name 5 = prDM: Pressure, Digiquartz [db]
# name 6 = sbeox0V: Oxygen raw, SBE 43 [V]
# name 7 = density00: Density [density, kg/m^3]
# name 8 = flECO-AFL: Fluorescence, WET Labs ECO-AFL/FL [mg/m^3]
# name 9 = timeJ: Julian Days
# name 10 = flag: flag
# span 0 =   58.41393,   58.41402       
# span 1 =   11.59882,   11.59893       
# span 2 =    26.8333,    34.0904       
# span 3 =     6.7442,    10.3684       
# span 4 =   2.756909,   3.728145       
# span 5 =      1.000,     23.000       
# span 6 =     1.9140,     3.7030       
# span 7 =  1021.0269,  1026.3362       
# span 8 =     0.0108,     0.6222       
# span 9 = 345.569025, 345.569955       
# span 10 = 0.0000e+00, 0.0000e+00      
# interval = decibars: 1                
# start_time = Dec 11 2018 13:38:54 [System UpLoad Time]
# bad_flag = -9.990e-29
*END*
   58.41393   11.59893    26.8333     6.7442   2.756909      1.000     1.9665  1021.0269     0.6222 345.569025 0.0000e+00
   58.41394   11.59888    27.7068     7.4081   2.887813      2.000     1.9296  1021.6385     0.5767 345.569255 0.0000e+00
   58.41394   11.59888    29.6570     8.9755   3.198772      3.000     1.9263  1022.9526     0.5128 345.569277 0.0000e+00
   58.41395   11.59887    30.5653     9.4426   3.325335      4.000     1.9194  1023.5980     0.3274 345.569299 0.0000e+00
   58.41396   11.59886    31.0664     9.6286   3.390320      5.000     1.9140  1023.9646     0.2400 345.569323 0.0000e+00
   58.41396   11.59886    31.6048     9.8378   3.461345      6.000     1.9446  1024.3558     0.1889 345.569346 0.0000e+00
   58.41396   11.59886    32.0412     9.9582   3.514958      7.000     2.0015  1024.6811     0.1647 345.569369 0.0000e+00
   58.41396   11.59886    32.2955    10.0829   3.551116      8.000     2.0981  1024.8634     0.1359 345.569391 0.0000e+00
   58.41396   11.59885    32.7565    10.2390   3.610694      9.000     2.2281  1025.2012     0.1043 345.569414 0.0000e+00
   58.41396   11.59884    32.9997    10.3104   3.641274     10.000     2.3607  1025.3833     0.1094 345.569437 0.0000e+00
   58.41397   11.59884    33.2280    10.3494   3.667497     11.000     2.5367  1025.5591     0.0515 345.569460 0.0000e+00
   58.41398   11.59883    33.3910    10.3624   3.684884     12.000     2.7628  1025.6885     0.0655 345.569482 0.0000e+00
   58.41398   11.59882    33.4968    10.3684   3.695971     13.000     3.1842  1025.7745     0.0363 345.569505 0.0000e+00
   58.41398   11.59882    33.5494    10.3628   3.700712     14.000     3.6019  1025.8210     0.0217 345.569529 0.0000e+00
   58.41398   11.59882    33.7175    10.3372   3.715049     15.000     3.7030  1025.9610     0.0111 345.569551 0.0000e+00
   58.41398   11.59882    33.8475    10.2804   3.722721     16.000     3.5942  1026.0767     0.0171 345.569574 0.0000e+00
   58.41400   11.59882    33.9318    10.2370   3.727087     17.000     3.3654  1026.1545     0.0108 345.569597 0.0000e+00
   58.41400   11.59882    33.9600    10.2108   3.727487     18.000     3.1285  1026.1855     0.0213 345.569632 0.0000e+00
   58.41400   11.59882    34.0011    10.1642   3.727278     19.000     2.7497  1026.2301     0.0309 345.569700 0.0000e+00
   58.41400   11.59883    34.0197    10.1472   3.727576     20.000     2.5877  1026.2520     0.0325 345.569768 0.0000e+00
   58.41400   11.59884    34.0296    10.1345   3.727424     21.000     2.5138  1026.2664     0.0391 345.569833 0.0000e+00
   58.41402   11.59884    34.0591    10.1105   3.728145     22.000     2.4885  1026.2981     0.0403 345.569895 0.0000e+00
   58.41402   11.59884    34.0904    10.0568   3.726296     23.000     2.4848  1026.3362     0.0378 345.569955 0.0000e+00
