Data/unprocessed_data/Skagerak/SK20181211/SK_20181211_06.cnv
* Sea-Bird SBE 9 Data File:
* FileName = C:\Documents and Settings\Boat\Desktop\OC4920_20181211\SK_20181211_06.hex
* Software Version Seasave V 7.20a
* Temperature SN = 2301
* Conductivity SN = 2401
* Number of Bytes Per Scan = 34
* Number of Voltage Words = 5
* Number of Scans Averaged by the Deck Unit = 1
* NMEA Latitude = 58 22.04 N
* NMEA Longitude = 011 34.64 E
* NMEA UTC (Time) = Apr 27 1999  10:56:08
** StationNumber:
** BottomDepth:
# nquan = 11
# nvalues = 1848                        
# units = specified
# name 0 = latitude: Latitude [deg]
# name 1 = longitude: Longitude [deg]
# name 2 = sal00: Salinity, Practical [PSU]
# name 3 = t090C: Temperature [ITS-90, deg C]
# name 4 = c0S/m: Conductivity [S/m]
# name 5 = prDM: Pressure, Digiquartz [db]
# name 6 = sbeox0V: Oxygen raw, SBE 43 [V]
# name 7 = density00: Density [density, kg/m^3]
# name 8 = flECO-AFL: Fluorescence, WET Labs ECO-AFL/FL [mg/m^3]
# name 9 = timeS: Time, Elapsed [seconds]
# name 10 = flag: flag
# span 0 =   58.36694,   58.36746       
# span 1 =   11.57710,   11.57794       
# span 2 =    29.1600,    30.8253       
# span 3 =     8.5471,     9.4719       
# span 4 =   3.115321,   3.353321       
# span 5 =      4.954,      5.030       
# span 6 =     1.9966,     2.1983       
# span 7 =  1022.6375,  1023.8011       
# span 8 =     0.1723,     1.4854       
# span 9 =      0.479,   1847.042       
# span 10 = 0.0000e+00, 0.0000e+00      
# interval = seconds: 1                 
# start_time = Dec 11 2018 11:56:09 [System UpLoad Time]
# bad_flag = -9.990e-29
*END*
[from data line 656]
   58.36712   11.57780    29.6438     8.9000   3.190548      5.010     2.0218  1022.9651     0.3301    656.479 0.0000e+00
   58.36712   11.57780    29.6485     8.9050   3.191404      5.015     2.0231  1022.9680     0.3286    657.479 0.0000e+00
   58.36712   11.57780    29.6491     8.9051   3.191477      5.015     2.0187  1022.9685     0.3076    658.479 0.0000e+00
   58.36712   11.57780    29.6535     8.9109   3.192371      5.010     2.0228  1022.9711     0.3443    659.479 0.0000e+00
   58.36710   11.57780    29.6485     8.9053   3.191436      5.010     2.0238  1022.9680     0.3789    660.479 0.0000e+00
   58.36710   11.57780    29.6548     8.9078   3.192243      5.010     2.0239  1022.9725     0.3545    661.479 0.0000e+00
   58.36712   11.57780    29.6574     8.9113   3.192781      5.012     2.0289  1022.9741     0.3423    662.479 0.0000e+00
   58.36712   11.57780    29.6652     8.9148   3.193827      5.017     2.0318  1022.9797     0.3301    663.479 0.0000e+00
   58.36712   11.57780    29.6870     8.9234   3.196649      5.020     2.0318  1022.9955     0.3179    664.479 0.0000e+00
   58.36712   11.57780    29.6916     8.9242   3.197162      5.020     2.0317  1022.9989     0.3296    665.479 0.0000e+00
   58.36710   11.57780    29.7001     8.9267   3.198196      5.020     2.0308  1023.0053     0.3301    666.479 0.0000e+00
   58.36710   11.57780    29.7029     8.9300   3.198724      5.015     2.0306  1023.0069     0.3418    667.479 0.0000e+00
   58.36712   11.57778    29.7088     8.9326   3.199511      5.012     2.0351  1023.0111     0.4124    668.479 0.0000e+00
   58.36712   11.57778    29.7086     8.9322   3.199462      5.012     2.0315  1023.0110     0.3581    669.479 0.0000e+00
   58.36712   11.57778    29.7104     8.9326   3.199674      5.015     2.0317  1023.0124     0.3087    670.479 0.0000e+00
   58.36712   11.57778    29.7120     8.9333   3.199888      5.015     2.0323  1023.0135     0.2832    671.479 0.0000e+00
   58.36710   11.57780    29.7151     8.9356   3.200369      5.022     2.0361  1023.0156     0.3143    672.479 0.0000e+00
   58.36710   11.57780    29.7165     8.9361   3.200550      5.020     2.0353  1023.0166     0.3621    673.479 0.0000e+00
   58.36710   11.57780    29.7167     8.9363   3.200592      5.020     2.0349  1023.0168     0.2909    674.479 0.0000e+00
   58.36710   11.57780    29.7179     8.9371   3.200770      5.017     2.0324  1023.0176     0.3020    675.479 0.0000e+00
   58.36710   11.57780    29.7194     8.9381   3.200998      5.010     2.0314  1023.0186     0.3372    676.479 0.0000e+00
   58.36710   11.57780    29.7191     8.9382   3.200972      5.016     2.0304  1023.0183     0.3850    677.479 0.0000e+00
   58.36710   11.57780    29.7210     8.9386   3.201188      5.009     2.0338  1023.0197     0.3504    678.479 0.0000e+00
   58.36710   11.57780    29.7214     8.9392   3.201278      5.011     2.0374  1023.0199     0.3321    679.479 0.0000e+00
   58.36710   11.57780    29.7222     8.9397   3.201398      5.011     2.0339  1023.0205     0.3697    680.479 0.0000e+00
   58.36710   11.57780    29.7252     8.9413   3.201817      5.014     2.0386  1023.0226     0.2995    681.479 0.0000e+00
   58.36710   11.57780    29.7237     8.9416   3.201694      5.014     2.0451  1023.0214     0.3291    682.479 0.0000e+00
   58.36710   11.57780    29.7233     8.9418   3.201676      5.014     2.0421  1023.0210     0.3326    683.479 0.0000e+00
   58.36710   11.57780    29.7218     8.9424   3.201576      5.014     2.0399  1023.0198     0.3112    684.479 0.0000e+00
   58.36710   11.57780    29.7259     8.9420   3.201947      5.014     2.0414  1023.0231     0.3056    685.479 0.0000e+00
   58.36710   11.57780    29.7288     8.9432   3.202324      5.011     2.0438  1023.0252     0.3148    686.479 0.0000e+00
   58.36710   11.57780    29.7309     8.9444   3.202621      5.014     2.0380  1023.0266     0.3443    687.479 0.0000e+00
   58.36710   11.57780    29.7324     8.9449   3.202811      5.014     2.0377  1023.0277     0.3631    688.479 0.0000e+00
   58.36710   11.57780    29.7347     8.9457   3.203097      5.019     2.0423  1023.0295     0.3234    689.479 0.0000e+00
   58.36710   11.57780    29.7353     8.9467   3.203237      5.019     2.0389  1023.0297     0.3565    690.479 0.0000e+00
   58.36710   11.57780    29.7350     8.9464   3.203187      5.022     2.0374  1023.0296     0.3199    691.479 0.0000e+00
   58.36710   11.57778    29.7357     8.9471   3.203306      5.019     2.0420  1023.0300     0.3015    692.479 0.0000e+00
   58.36710   11.57778    29.7364     8.9471   3.203379      5.022     2.0428  1023.0306     0.2975    693.479 0.0000e+00
   58.36710   11.57778    29.7365     8.9475   3.203424      5.017     2.0432  1023.0306     0.2929    694.479 0.0000e+00
   58.36710   11.57778    29.7370     8.9482   3.203525      5.019     2.0429  1023.0309     0.3010    695.479 0.0000e+00
   58.36710   11.57780    29.7390     8.9494   3.203818      5.019     2.0414  1023.0323     0.3362    696.479 0.0000e+00
   58.36710   11.57780    29.7418     8.9509   3.204218      5.022     2.0403  1023.0342     0.3092    697.479 0.0000e+00
   58.36710   11.57780    29.7434     8.9518   3.204445      5.025     2.0351  1023.0354     0.2959    698.479 0.0000e+00
   58.36710   11.57780    29.7446     8.9525   3.204626      5.025     2.0327  1023.0362     0.3128    699.479 0.0000e+00
   58.36710   11.57780    29.7508     8.9547   3.205411      5.019     2.0379  1023.0407     0.3036    700.479 0.0000e+00
   58.36710   11.57780    29.7510     8.9569   3.205605      5.014     2.0311  1023.0405     0.3143    701.479 0.0000e+00
   58.36710   11.57780    29.7526     8.9573   3.205793      5.014     2.0310  1023.0417     0.3438    702.479 0.0000e+00
   58.36710   11.57780    29.7527     8.9595   3.205984      5.014     2.0305  1023.0414     0.3814    703.479 0.0000e+00
   58.36710   11.57780    29.7601     8.9603   3.206769      5.017     2.0312  1023.0471     0.3575    704.479 0.0000e+00
   58.36710   11.57780    29.7635     8.9625   3.207277      5.022     2.0325  1023.0495     0.3046    705.479 0.0000e+00
   58.36710   11.57780    29.7641     8.9637   3.207435      5.019     2.0349  1023.0498     0.3062    706.479 0.0000e+00
   58.36710   11.57780    29.7621     8.9640   3.207260      5.021     2.0337  1023.0482     0.3545    707.479 0.0000e+00
   58.36710   11.57780    29.7663     8.9659   3.207824      5.019     2.0377  1023.0511     0.3677    708.479 0.0000e+00
   58.36710   11.57780    29.7721     8.9696   3.208698      5.019     2.0411  1023.0551     0.3362    709.479 0.0000e+00
   58.36710   11.57780    29.7796     8.9718   3.209602      5.019     2.0407  1023.0607     0.3128    710.479 0.0000e+00
   58.36710   11.57780    29.7853     8.9746   3.210378      5.019     2.0362  1023.0647     0.2934    711.479 0.0000e+00
   58.36710   11.57780    29.7902     8.9780   3.211144      5.024     2.0321  1023.0680     0.2934    712.479 0.0000e+00
   58.36710   11.57780    29.7945     8.9796   3.211695      5.021     2.0302  1023.0712     0.3143    713.479 0.0000e+00
   58.36710   11.57780    29.7909     8.9824   3.211569      5.023     2.0274  1023.0680     0.3270    714.479 0.0000e+00
   58.36710   11.57780    29.7894     8.9817   3.211367      5.021     2.0295  1023.0669     0.3056    715.479 0.0000e+00
   58.36710   11.57778    29.7893     8.9793   3.211160      5.021     2.0326  1023.0672     0.3005    716.479 0.0000e+00
   58.36710   11.57778    29.7891     8.9808   3.211257      5.021     2.0277  1023.0667     0.2980    717.479 0.0000e+00
   58.36710   11.57778    29.7902     8.9801   3.211307      5.018     2.0277  1023.0677     0.2954    718.479 0.0000e+00
   58.36710   11.57778    29.7874     8.9795   3.210983      5.021     2.0261  1023.0656     0.2944    719.479 0.0000e+00
   58.36710   11.57778    29.7861     8.9796   3.210870      5.020     2.0299  1023.0646     0.3265    720.479 0.0000e+00
   58.36710   11.57778    29.7801     8.9775   3.210111      5.020     2.0334  1023.0602     0.3296    721.479 0.0000e+00
   58.36710   11.57778    29.7842     8.9774   3.210505      5.020     2.0345  1023.0635     0.2898    722.479 0.0000e+00
   58.36710   11.57778    29.7781     8.9753   3.209734      5.023     2.0332  1023.0590     0.2680    723.479 0.0000e+00
   58.36710   11.57778    29.7790     8.9748   3.209792      5.020     2.0368  1023.0598     0.3011    724.479 0.0000e+00
   58.36710   11.57778    29.7850     8.9764   3.210504      5.020     2.0397  1023.0642     0.3540    725.479 0.0000e+00
   58.36710   11.57780    29.7838     8.9823   3.210868      5.020     2.0397  1023.0624     0.4039    726.479 0.0000e+00
   58.36710   11.57780    29.7808     8.9802   3.210397      5.020     2.0408  1023.0603     0.2990    727.479 0.0000e+00
   58.36710   11.57780    29.7805     8.9726   3.209757      5.023     2.0375  1023.0612     0.2812    728.479 0.0000e+00
   58.36710   11.57780    29.7724     8.9714   3.208867      5.017     2.0356  1023.0551     0.2868    729.479 0.0000e+00
   58.36710   11.57780    29.7695     8.9675   3.208265      5.020     2.0391  1023.0534     0.3056    730.479 0.0000e+00
   58.36710   11.57780    29.7676     8.9655   3.207915      5.017     2.0404  1023.0522     0.3056    731.479 0.0000e+00
   58.36710   11.57780    29.7647     8.9647   3.207576      5.017     2.0374  1023.0501     0.3082    732.479 0.0000e+00
   58.36710   11.57780    29.7657     8.9652   3.207711      5.017     2.0358  1023.0507     0.3148    733.479 0.0000e+00
   58.36710   11.57780    29.7650     8.9636   3.207520      5.019     2.0400  1023.0505     0.3102    734.479 0.0000e+00
   58.36710   11.57780    29.7654     8.9625   3.207468      5.019     2.0398  1023.0510     0.3281    735.479 0.0000e+00
   58.36710   11.57780    29.7635     8.9619   3.207227      5.022     2.0440  1023.0495     0.3158    736.479 0.0000e+00
   58.36710   11.57780    29.7591     8.9601   3.206647      5.019     2.0412  1023.0463     0.3168    737.479 0.0000e+00
   58.36710   11.57780    29.7566     8.9589   3.206315      5.019     2.0434  1023.0446     0.4059    738.479 0.0000e+00
   58.36710   11.57780    29.7546     8.9583   3.206067      5.022     2.0433  1023.0431     0.5316    739.479 0.0000e+00
   58.36710   11.57780    29.7536     8.9567   3.205838      5.019     2.0420  1023.0426     0.3265    740.479 0.0000e+00
   58.36710   11.57780    29.7501     8.9552   3.205374      5.014     2.0359  1023.0400     0.3107    741.479 0.0000e+00
   58.36710   11.57780    29.7505     8.9545   3.205361      5.019     2.0360  1023.0405     0.3469    742.479 0.0000e+00
   58.36710   11.57780    29.7525     8.9547   3.205578      5.019     2.0335  1023.0421     0.2812    743.479 0.0000e+00
   58.36708   11.57780    29.7547     8.9530   3.205643      5.018     2.0324  1023.0440     0.2812    744.479 0.0000e+00
   58.36708   11.57780    29.7499     8.9521   3.205102      5.018     2.0321  1023.0403     0.2934    745.479 0.0000e+00
   58.36708   11.57780    29.7489     8.9518   3.204985      5.021     2.0348  1023.0397     0.3137    746.479 0.0000e+00
   58.36708   11.57780    29.7470     8.9512   3.204746      5.023     2.0341  1023.0383     0.4613    747.479 0.0000e+00
   58.36708   11.57780    29.7465     8.9516   3.204731      5.023     2.0296  1023.0378     0.3535    748.479 0.0000e+00
   58.36708   11.57780    29.7439     8.9504   3.204380      5.024     2.0258  1023.0360     0.3056    749.479 0.0000e+00
   58.36708   11.57778    29.7432     8.9479   3.204111      5.020     2.0273  1023.0358     0.3179    750.479 0.0000e+00
   58.36708   11.57778    29.7461     8.9470   3.204317      5.021     2.0324  1023.0382     0.3662    751.479 0.0000e+00
   58.36708   11.57778    29.7466     8.9475   3.204405      5.018     2.0315  1023.0385     0.3306    752.479 0.0000e+00
   58.36708   11.57778    29.7472     8.9490   3.204583      5.023     2.0334  1023.0387     0.3418    753.479 0.0000e+00
   58.36708   11.57778    29.7463     8.9477   3.204396      5.023     2.0371  1023.0383     0.4013    754.479 0.0000e+00
   58.36708   11.57778    29.7444     8.9480   3.204229      5.023     2.0435  1023.0367     0.3209    755.479 0.0000e+00
   58.36708   11.57780    29.7451     8.9461   3.204143      5.020     2.0424  1023.0375     0.2832    756.479 0.0000e+00
   58.36708   11.57780    29.7396     8.9497   3.203910      5.017     2.0373  1023.0327     0.4349    757.479 0.0000e+00
   58.36708   11.57778    29.7370     8.9474   3.203458      5.015     2.0371  1023.0310     0.3163    758.479 0.0000e+00
   58.36708   11.57778    29.7383     8.9441   3.203328      5.017     2.0372  1023.0325     0.2944    759.479 0.0000e+00
   58.36708   11.57778    29.7383     8.9416   3.203124      5.017     2.0457  1023.0329     0.2822    760.479 0.0000e+00
   58.36708   11.57778    29.7369     8.9435   3.203140      5.020     2.0421  1023.0315     0.3245    761.479 0.0000e+00
   58.36706   11.57780    29.7404     8.9418   3.203341      5.022     2.0479  1023.0345     0.5341    762.479 0.0000e+00
   58.36706   11.57780    29.7385     8.9445   3.203371      5.025     2.0458  1023.0326     0.3830    763.479 0.0000e+00
   58.36706   11.57780    29.7383     8.9400   3.202996      5.025     2.0397  1023.0332     0.3337    764.479 0.0000e+00
   58.36706   11.57780    29.7349     8.9415   3.202783      5.022     2.0438  1023.0303     0.3504    765.479 0.0000e+00
   58.36706   11.57780    29.7373     8.9416   3.203024      5.016     2.0415  1023.0321     0.3647    766.479 0.0000e+00
   58.36706   11.57780    29.7287     8.9431   3.202309      5.019     2.0385  1023.0251     0.3163    767.479 0.0000e+00
   58.36708   11.57780    29.7275     8.9438   3.202247      5.022     2.0384  1023.0241     0.3250    768.479 0.0000e+00
   58.36708   11.57780    29.7247     8.9431   3.201912      5.021     2.0419  1023.0220     0.3199    769.479 0.0000e+00
   58.36708   11.57778    29.7318     8.9399   3.202348      5.027     2.0449  1023.0280     0.3174    770.479 0.0000e+00
   58.36708   11.57778    29.7335     8.9455   3.202968      5.026     2.0452  1023.0285     0.3652    771.479 0.0000e+00
   58.36708   11.57780    29.7289     8.9461   3.202578      5.024     2.0430  1023.0249     0.3514    772.479 0.0000e+00
   58.36708   11.57780    29.7225     8.9459   3.201936      5.024     2.0427  1023.0199     0.3428    773.479 0.0000e+00
   58.36708   11.57780    29.7232     8.9425   3.201716      5.024     2.0428  1023.0209     0.3331    774.479 0.0000e+00
   58.36708   11.57780    29.7217     8.9387   3.201268      5.021     2.0405  1023.0203     0.3301    775.479 0.0000e+00
   58.36708   11.57778    29.7200     8.9378   3.201028      5.023     2.0416  1023.0191     0.3819    776.479 0.0000e+00
   58.36708   11.57778    29.7077     8.9434   3.200293      5.022     2.0395  1023.0087     0.3525    777.479 0.0000e+00
   58.36708   11.57780    29.7076     8.9356   3.199640      5.023     2.0393  1023.0098     0.3301    778.479 0.0000e+00
   58.36708   11.57780    29.7069     8.9308   3.199191      5.026     2.0392  1023.0100     0.3642    779.479 0.0000e+00
   58.36706   11.57778    29.6991     8.9262   3.198055      5.025     2.0367  1023.0045     0.3550    780.479 0.0000e+00
   58.36706   11.57778    29.7001     8.9247   3.198023      5.025     2.0386  1023.0055     0.3183    781.479 0.0000e+00
   58.36706   11.57780    29.7066     8.9220   3.198442      5.023     2.0369  1023.0110     0.3367    782.479 0.0000e+00
   58.36706   11.57780    29.7075     8.9171   3.198130      5.020     2.0372  1023.0124     0.3621    783.479 0.0000e+00
   58.36706   11.57778    29.7018     8.9186   3.197700      5.025     2.0397  1023.0078     0.6175    784.479 0.0000e+00
   58.36706   11.57778    29.7018     8.9068   3.196737      5.027     2.0403  1023.0095     0.5753    785.479 0.0000e+00
