Data/unprocessed_data/Skagerak/SK20181211/SK_20181211_06.cnv
* Sea-Bird SBE 9 Data File:
* FileName = C:\Documents and Settings\Boat\Desktop\OC4920_20181211\SK_20181211_06.hex
* Software Version Seasave V 7.20a
* Temperature SN = 2301
* Conductivity SN = 2401
* Number of Bytes Per Scan = 34
* Number of Voltage Words = 5
* Number of Scans Averaged by the Deck Unit = 1
* NMEA Latitude = 58 22.04 N
* NMEA Longitude = 011 34.64 E
* NMEA UTC (Time) = Apr 27 1999  10:56:08
** StationNumber:
** BottomDepth:
# nquan = 11
# nvalues = 1848                        
# units = specified
# name 0 = latitude: Latitude [deg]
# name 1 = longitude: Longitude [deg]
# name 2 = sal00: Salinity, Practical [PSU]
# name 3 = t090C: Temperature [ITS-90, deg C]
# name 4 = c0S/m: Conductivity [S/m]
# name 5 = prDM: Pressure, Digiquartz [db]
# name 6 = sbeox0V: Oxygen raw, SBE 43 [V]
# name 7 = density00: Density [density, kg/m^3]
# name 8 = flECO-AFL: Fluorescence, WET Labs ECO-AFL/FL [mg/m^3]
# name 9 = timeS: Time, Elapsed [seconds]
# name 10 = flag: flag
# span 0 =   58.36694,   58.36746       
# span 1 =   11.57710,   11.57794       
# span 2 =    29.1600,    30.8253       
# span 3 =     8.5471,     9.4719       
# span 4 =   3.115321,   3.353321       
# span 5 =      4.954,      5.030       
# span 6 =     1.9966,     2.1983       
# span 7 =  1022.6375,  1023.8011       
# span 8 =     0.1723,     1.4854       
# span 9 =      0.479,   1847.042       
# span 10 = 0.0000e+00, 0.0000e+00      
# interval = seconds: 1                 
# start_time = Dec 11 2018 11:56:09 [System UpLoad Time]
# bad_flag = -9.990e-29
*END*
[from data line 1705]
   58.36696   11.57710    29.9080     9.0283   3.226732      4.973     2.0145  1023.1524     0.3174   1705.479 0.0000e+00
   58.36696   11.57710    29.9095     9.0252   3.226612      4.970     2.0160  1023.1540     0.3199   1706.479 0.0000e+00
   58.36696   11.57710    29.9103     9.0265   3.226804      4.973     2.0143  1023.1544     0.3682   1707.479 0.0000e+00
   58.36696   11.57710    29.9157     9.0254   3.227242      4.972     2.0120  1023.1588     0.4186   1708.479 0.0000e+00
   58.36696   11.57710    29.9134     9.0310   3.227480      4.973     2.0090  1023.1562     0.5046   1709.479 0.0000e+00
   58.36696   11.57710    29.9158     9.0297   3.227599      4.974     2.0061  1023.1583     0.7854   1710.479 0.0000e+00
   58.36696   11.57710    29.9186     9.0283   3.227759      4.974     2.0021  1023.1607     0.4563   1711.479 0.0000e+00
   58.36696   11.57710    29.9209     9.0214   3.227419      4.970     2.0036  1023.1635     0.3076   1712.479 0.0000e+00
   58.36696   11.57710    29.9000     8.9980   3.223470      4.975     2.0080  1023.1507     0.3291   1713.479 0.0000e+00
   58.36696   11.57710    29.8829     9.0038   3.222273      4.979     2.0060  1023.1364     0.6623   1714.479 0.0000e+00
   58.36696   11.57710    29.8800     9.0018   3.221830      4.977     2.0088  1023.1345     0.3260   1715.479 0.0000e+00
   58.36696   11.57710    29.8807     9.0038   3.222057      4.981     2.0077  1023.1347     0.2710   1716.479 0.0000e+00
   58.36696   11.57710    29.8887     9.0164   3.223866      4.978     2.0072  1023.1391     0.3255   1717.479 0.0000e+00
   58.36696   11.57710    29.8891     9.0167   3.223940      4.979     2.0016  1023.1394     0.2858   1718.479 0.0000e+00
   58.36696   11.57710    29.8841     9.0168   3.223457      4.976     2.0072  1023.1354     0.3031   1719.479 0.0000e+00
   58.36696   11.57710    29.8839     9.0124   3.223076      4.981     2.0107  1023.1359     0.3601   1720.479 0.0000e+00
   58.36696   11.57710    29.8862     9.0134   3.223381      4.981     2.0173  1023.1376     0.3026   1721.479 0.0000e+00
   58.36696   11.57710    29.8836     9.0154   3.223298      4.978     2.0205  1023.1353     0.5387   1722.479 0.0000e+00
   58.36696   11.57710    29.8862     9.0130   3.223348      4.983     2.0199  1023.1377     0.3871   1723.479 0.0000e+00
   58.36696   11.57710    29.8871     9.0132   3.223457      4.977     2.0167  1023.1383     0.3748   1724.479 0.0000e+00
   58.36696   11.57710    29.8803     9.0142   3.222875      4.977     2.0158  1023.1329     0.3591   1725.479 0.0000e+00
   58.36696   11.57710    29.8832     9.0068   3.222556      4.975     2.0138  1023.1362     0.2944   1726.479 0.0000e+00
   58.36696   11.57710    29.8764     9.0156   3.222612      4.975     2.0149  1023.1296     0.2909   1727.479 0.0000e+00
   58.36696   11.57710    29.8787     9.0131   3.222624      4.980     2.0145  1023.1317     0.2548   1728.479 0.0000e+00
   58.36696   11.57710    29.8753     9.0122   3.222216      4.979     2.0128  1023.1292     0.3021   1729.479 0.0000e+00
   58.36696   11.57712    29.8706     9.0168   3.222138      4.979     2.0115  1023.1249     0.3464   1730.479 0.0000e+00
   58.36696   11.57712    29.8599     9.0146   3.220914      4.981     2.0159  1023.1168     0.3459   1731.479 0.0000e+00
   58.36696   11.57712    29.8805     8.9856   3.220552      4.976     2.0137  1023.1373     0.3240   1732.479 0.0000e+00
   58.36696   11.57712    29.8756     9.0030   3.221496      4.973     2.0113  1023.1308     0.3357   1733.479 0.0000e+00
   58.36696   11.57712    29.8681     9.0068   3.221083      4.971     2.0074  1023.1244     0.3784   1734.479 0.0000e+00
   58.36696   11.57712    29.8609     9.0036   3.220109      4.975     2.0142  1023.1192     0.3738   1735.479 0.0000e+00
   58.36696   11.57712    29.8383     8.9979   3.217440      4.978     2.0107  1023.1024     0.3158   1736.479 0.0000e+00
   58.36696   11.57712    29.8468     8.9984   3.218319      4.978     2.0070  1023.1091     0.3998   1737.479 0.0000e+00
   58.36696   11.57712    29.8527     9.0001   3.219034      4.980     2.0068  1023.1134     0.3764   1738.479 0.0000e+00
   58.36696   11.57712    29.8503     8.9964   3.218494      4.980     2.0123  1023.1121     0.3178   1739.479 0.0000e+00
   58.36696   11.57712    29.8421     8.9982   3.217837      4.973     2.0140  1023.1053     0.3214   1740.479 0.0000e+00
   58.36696   11.57712    29.8341     8.9880   3.216229      4.976     2.0122  1023.1007     0.3061   1741.479 0.0000e+00
   58.36696   11.57712    29.8350     8.9919   3.216636      4.972     2.0129  1023.1008     0.3250   1742.479 0.0000e+00
   58.36696   11.57712    29.8489     8.9940   3.218168      4.972     2.0149  1023.1113     0.3270   1743.479 0.0000e+00
   58.36696   11.57712    29.8661     9.0078   3.220961      4.979     2.0191  1023.1227     0.3102   1744.479 0.0000e+00
   58.36696   11.57712    29.8724     9.0082   3.221610      4.974     2.0179  1023.1276     0.3056   1745.479 0.0000e+00
   58.36694   11.57712    29.8719     9.0172   3.222300      4.974     2.0117  1023.1259     0.3128   1746.479 0.0000e+00
   58.36694   11.57712    29.8724     9.0169   3.222324      4.973     2.0099  1023.1262     0.3179   1747.479 0.0000e+00
   58.36694   11.57712    29.8618     9.0173   3.221319      4.968     2.0108  1023.1179     0.3453   1748.479 0.0000e+00
   58.36694   11.57712    29.8688     8.9976   3.220388      4.969     2.0047  1023.1263     0.3123   1749.479 0.0000e+00
   58.36694   11.57712    29.8601     8.9995   3.219702      4.970     2.0012  1023.1192     0.2883   1750.479 0.0000e+00
   58.36694   11.57712    29.8585     9.0004   3.219618      4.967     2.0017  1023.1178     0.2802   1751.479 0.0000e+00
   58.36694   11.57712    29.8598     9.0025   3.219912      4.969     2.0050  1023.1185     0.2884   1752.479 0.0000e+00
   58.36694   11.57712    29.8555     9.0025   3.219500      4.976     2.0052  1023.1152     0.3051   1753.479 0.0000e+00
   58.36694   11.57712    29.8600     9.0046   3.220108      4.970     2.0021  1023.1184     0.3356   1754.479 0.0000e+00
   58.36694   11.57712    29.8506     9.0020   3.218981      4.969     2.0064  1023.1114     0.3672   1755.479 0.0000e+00
   58.36694   11.57712    29.8603     8.9985   3.219635      4.970     2.0116  1023.1195     0.3138   1756.479 0.0000e+00
   58.36694   11.57712    29.8771     9.0114   3.222331      4.965     2.0129  1023.1307     0.2848   1757.479 0.0000e+00
   58.36694   11.57712    29.8883     9.0169   3.223871      4.964     2.0106  1023.1386     0.3326   1758.479 0.0000e+00
   58.36694   11.57712    29.9045     9.0258   3.226177      4.968     2.0119  1023.1500     0.3285   1759.479 0.0000e+00
   58.36694   11.57714    29.9164     9.0323   3.227876      4.969     2.0167  1023.1584     0.2909   1760.479 0.0000e+00
   58.36694   11.57714    29.9149     9.0343   3.227887      4.969     2.0136  1023.1568     0.2954   1761.479 0.0000e+00
   58.36694   11.57714    29.9114     9.0327   3.227421      4.969     2.0098  1023.1543     0.3061   1762.479 0.0000e+00
   58.36694   11.57714    29.9081     9.0323   3.227063      4.964     2.0070  1023.1518     0.3382   1763.479 0.0000e+00
   58.36694   11.57712    29.8982     9.0251   3.225502      4.961     2.0025  1023.1451     0.3209   1764.479 0.0000e+00
   58.36694   11.57712    29.8947     9.0191   3.224682      4.961     2.0109  1023.1433     0.2924   1765.479 0.0000e+00
   58.36694   11.57714    29.8919     9.0219   3.224629      4.961     2.0145  1023.1407     0.2812   1766.479 0.0000e+00
   58.36694   11.57714    29.8789     9.0141   3.222734      4.963     2.0185  1023.1317     0.3010   1767.479 0.0000e+00
   58.36694   11.57714    29.8648     9.0086   3.220905      4.965     2.0203  1023.1215     0.2807   1768.479 0.0000e+00
   58.36694   11.57714    29.8702     9.0115   3.221668      4.966     2.0166  1023.1253     0.2761   1769.479 0.0000e+00
   58.36694   11.57714    29.8805     9.0211   3.223455      4.962     2.0150  1023.1319     0.2991   1770.479 0.0000e+00
   58.36694   11.57714    29.8800     9.0188   3.223228      4.960     2.0141  1023.1319     0.2833   1771.479 0.0000e+00
   58.36694   11.57714    29.8802     9.0165   3.223048      4.960     2.0101  1023.1323     0.3423   1772.479 0.0000e+00
   58.36694   11.57714    29.8857     9.0220   3.224039      4.961     2.0084  1023.1358     0.3296   1773.479 0.0000e+00
   58.36694   11.57714    29.8880     9.0235   3.224377      4.965     2.0104  1023.1374     0.3127   1774.479 0.0000e+00
   58.36694   11.57714    29.8912     9.0258   3.224880      4.963     2.0075  1023.1395     0.3453   1775.479 0.0000e+00
   58.36694   11.57714    29.8897     9.0264   3.224782      4.967     2.0094  1023.1383     0.2843   1776.479 0.0000e+00
   58.36694   11.57714    29.8926     9.0273   3.225146      4.967     2.0088  1023.1405     0.2848   1777.479 0.0000e+00
   58.36694   11.57714    29.9000     9.0315   3.226206      4.966     2.0070  1023.1456     0.2593   1778.479 0.0000e+00
   58.36694   11.57714    29.9008     9.0322   3.226336      4.965     2.0094  1023.1461     0.2690   1779.479 0.0000e+00
   58.36694   11.57714    29.9004     9.0331   3.226376      4.965     2.0096  1023.1457     0.2761   1780.479 0.0000e+00
   58.36694   11.57714    29.8942     9.0284   3.225386      4.967     2.0186  1023.1415     0.3010   1781.479 0.0000e+00
   58.36694   11.57714    29.8931     9.0264   3.225113      4.970     2.0171  1023.1410     0.2832   1782.479 0.0000e+00
   58.36694   11.57714    29.8926     9.0258   3.225016      4.969     2.0136  1023.1407     0.2858   1783.479 0.0000e+00
   58.36694   11.57714    29.8920     9.0252   3.224907      4.974     2.0147  1023.1403     0.2446   1784.479 0.0000e+00
   58.36694   11.57714    29.8943     9.0274   3.225306      4.969     2.0180  1023.1417     0.2482   1785.479 0.0000e+00
   58.36694   11.57714    29.8950     9.0292   3.225535      4.974     2.0163  1023.1421     0.2690   1786.479 0.0000e+00
   58.36694   11.57714    29.8957     9.0284   3.225539      4.970     2.0119  1023.1427     0.2731   1787.479 0.0000e+00
   58.36694   11.57714    29.8940     9.0279   3.225323      4.969     2.0122  1023.1415     0.3046   1788.479 0.0000e+00
   58.36694   11.57714    29.8949     9.0295   3.225546      4.972     2.0142  1023.1420     0.2924   1789.479 0.0000e+00
   58.36694   11.57712    29.8944     9.0296   3.225507      4.972     2.0147  1023.1416     0.2822   1790.479 0.0000e+00
   58.36694   11.57712    29.8952     9.0282   3.225473      4.972     2.0171  1023.1424     0.2960   1791.479 0.0000e+00
   58.36696   11.57712    29.8947     9.0288   3.225472      4.972     2.0138  1023.1419     0.3296   1792.479 0.0000e+00
   58.36696   11.57712    29.8933     9.0266   3.225149      4.972     2.0118  1023.1411     0.3159   1793.479 0.0000e+00
   58.36696   11.57712    29.8954     9.0288   3.225530      4.969     2.0094  1023.1424     0.2695   1794.479 0.0000e+00
   58.36696   11.57712    29.8939     9.0284   3.225360      4.969     2.0062  1023.1413     0.2929   1795.479 0.0000e+00
   58.36696   11.57712    29.8921     9.0272   3.225083      4.974     2.0048  1023.1401     0.2807   1796.479 0.0000e+00
   58.36696   11.57712    29.8921     9.0263   3.225014      4.972     2.0072  1023.1402     0.2812   1797.479 0.0000e+00
   58.36696   11.57712    29.8920     9.0267   3.225038      4.977     2.0074  1023.1401     0.2690   1798.479 0.0000e+00
   58.36696   11.57712    29.8915     9.0271   3.225025      4.974     2.0054  1023.1397     0.2812   1799.479 0.0000e+00
   58.36696   11.57712    29.8885     9.0254   3.224580      4.972     2.0069  1023.1375     0.2812   1800.479 0.0000e+00
   58.36696   11.57712    29.8865     9.0231   3.224202      4.971     2.0086  1023.1363     0.3046   1801.479 0.0000e+00
   58.36696   11.57712    29.8868     9.0235   3.224272      4.973     2.0116  1023.1365     0.3286   1802.479 0.0000e+00
   58.36696   11.57712    29.8849     9.0228   3.224020      4.974     2.0186  1023.1351     0.2614   1803.479 0.0000e+00
   58.36694   11.57712    29.8824     9.0219   3.223710      4.976     2.0163  1023.1333     0.3020   1804.479 0.0000e+00
   58.36694   11.57712    29.8813     9.0208   3.223511      4.976     2.0165  1023.1326     0.2949   1805.479 0.0000e+00
   58.36694   11.57712    29.8781     9.0203   3.223154      4.974     2.0182  1023.1302     0.3046   1806.479 0.0000e+00
   58.36694   11.57712    29.8775     9.0206   3.223126      4.976     2.0184  1023.1297     0.2837   1807.479 0.0000e+00
   58.36696   11.57710    29.8744     9.0209   3.222842      4.972     2.0175  1023.1272     0.2924   1808.479 0.0000e+00
   58.36696   11.57710    29.8728     9.0210   3.222693      4.973     2.0156  1023.1259     0.2827   1809.479 0.0000e+00
   58.36696   11.57712    29.8725     9.0206   3.222639      4.977     2.0159  1023.1258     0.3128   1810.479 0.0000e+00
   58.36696   11.57712    29.8722     9.0205   3.222602      4.977     2.0185  1023.1256     0.3077   1811.479 0.0000e+00
   58.36696   11.57712    29.8736     9.0208   3.222755      4.977     2.0164  1023.1266     0.3570   1812.479 0.0000e+00
   58.36696   11.57712    29.8718     9.0203   3.222544      4.974     2.0138  1023.1253     0.3265   1813.479 0.0000e+00
   58.36696   11.57712    29.8714     9.0204   3.222511      4.974     2.0111  1023.1249     0.3677   1814.479 0.0000e+00
   58.36696   11.57712    29.8698     9.0201   3.222333      4.971     2.0062  1023.1238     0.3209   1815.479 0.0000e+00
   58.36694   11.57712    29.8690     9.0194   3.222200      4.970     2.0071  1023.1232     0.2863   1816.479 0.0000e+00
   58.36694   11.57712    29.8681     9.0192   3.222092      4.973     2.0089  1023.1225     0.3005   1817.479 0.0000e+00
   58.36694   11.57712    29.8677     9.0186   3.222006      4.978     2.0065  1023.1224     0.3056   1818.479 0.0000e+00
   58.36694   11.57712    29.8664     9.0190   3.221915      4.978     2.0048  1023.1213     0.3056   1819.479 0.0000e+00
   58.36694   11.57712    29.8659     9.0183   3.221808      4.977     2.0027  1023.1210     0.2965   1820.479 0.0000e+00
   58.36694   11.57712    29.8661     9.0185   3.221841      4.974     2.0096  1023.1211     0.2848   1821.479 0.0000e+00
   58.36694   11.57712    29.8670     9.0192   3.221989      4.969     2.0149  1023.1217     0.2898   1822.479 0.0000e+00
   58.36694   11.57712    29.8645     9.0185   3.221682      4.968     2.0160  1023.1198     0.3545   1823.479 0.0000e+00
   58.36694   11.57712    29.8598     9.0162   3.221035      4.968     2.0212  1023.1164     0.3102   1824.479 0.0000e+00
   58.36694   11.57712    29.8619     9.0162   3.221246      4.975     2.0255  1023.1182     0.2812   1825.479 0.0000e+00
   58.36696   11.57710    29.8645     9.0178   3.221629      4.975     2.0196  1023.1199     0.2893   1826.479 0.0000e+00
   58.36696   11.57710    29.8642     9.0179   3.221609      4.975     2.0181  1023.1197     0.3015   1827.479 0.0000e+00
   58.36696   11.57712    29.8589     9.0157   3.220912      4.974     2.0133  1023.1159     0.4023   1828.479 0.0000e+00
   58.36696   11.57712    29.8655     9.0185   3.221778      4.969     2.0141  1023.1206     0.3662   1829.479 0.0000e+00
   58.36696   11.57712    29.8650     9.0182   3.221712      4.969     2.0183  1023.1202     0.3255   1830.479 0.0000e+00
   58.36696   11.57712    29.8646     9.0186   3.221698      4.966     2.0177  1023.1199     0.3000   1831.479 0.0000e+00
   58.36696   11.57712    29.8634     9.0177   3.221512      4.971     2.0142  1023.1191     0.2883   1832.479 0.0000e+00
   58.36696   11.57712    29.8638     9.0184   3.221611      4.973     2.0154  1023.1193     0.2787   1833.479 0.0000e+00
   58.36696   11.57712    29.8636     9.0187   3.221616      4.972     2.0181  1023.1191     0.2619   1834.479 0.0000e+00
   58.36696   11.57712    29.8632     9.0182   3.221540      4.970     2.0142  1023.1189     0.2568   1835.479 0.0000e+00
