Data/unprocessed_data/Skagerak/SK20181211/SK_20181211_02.cnv
* Sea-Bird SBE 9 Data File:
* FileName = C:\Documents and Settings\Boat\Desktop\OC4920_20181211\SK_20181211_02.hex
* Software Version Seasave V 7.20a
* Temperature SN = 2301
* Conductivity SN = 2401
* Number of Bytes Per Scan = 34
* Number of Voltage Words = 5
* Number of Scans Averaged by the Deck Unit = 1
* NMEA Latitude = 58 21.54 N
* NMEA Longitude = 011 35.67 E
* NMEA UTC (Time) = Apr 27 1999  10:02:00
** StationNumber:
** BottomDepth:
# nquan = 11
# nvalues = 84                          
# units = specified
# name 0 = latitude: Latitude [deg]
# name 1 = longitude: Longitude [deg]
# name 2 = sal00: Salinity, Practical [PSU]
# name 3 = t090C: Temperature [ITS-90, deg C]
# name 4 = c0S/m: Conductivity [S/m]
# name 5 = prDM: Pressure, Digiquartz [db]
# name 6 = sbeox0V: Oxygen raw, SBE 43 [V]
# name 7 = density00: Density [density, kg/m^3]
# name 8 = flECO-AFL: Fluorescence, WET Labs ECO-AFL/FL [mg/m^3]
# name 9 = upoly0: Upoly 0, Turbidity Sensor
# name 10 = flag: flag
# span 0 =   58.35914,   58.35932       
# span 1 =   11.59460,   11.59480       
# span 2 =    27.1268,    34.4798       
# span 3 =     6.7947,    10.1473       
# span 4 =   2.815053,   3.722931       
# span 5 =      2.000,     85.000       
# span 6 =     1.8921,     3.3139       
# span 7 =  1021.2113,  1027.3923       
# span 8 =     0.0077,     0.6437       
# span 9 =  0.8642703,  1.1155108       
# span 10 = 0.0000e+00, 0.0000e+00      
# interval = decibars: 1                
# start_time = Dec 11 2018 11:02:01 [System UpLoad Time]
# bad_flag = -9.990e-29
*END*
   58.35914   11.59462    27.1268     7.1305   2.815053      2.000     1.9425  1021.2113     0.6437  1.1020463 0.0000e+00
   58.35918   11.59460    30.0146     8.3720   3.183310      3.000     1.9745  1023.3227     0.4045  0.9256688 0.0000e+00
   58.35918   11.59462    31.6885     9.2207   3.416413      4.000     2.0175  1024.5095     0.3037  0.8674573 0.0000e+00
   58.35918   11.59462    32.3323     9.5303   3.505837      5.000     2.0838  1024.9689     0.2681  0.8642703 0.0000e+00
   58.35920   11.59462    32.7190     9.6682   3.555910      6.000     2.1512  1025.2530     0.1550  0.9013719 0.0000e+00
   58.35920   11.59462    32.9455     9.9901   3.606954      7.000     2.2111  1025.3814     0.1160  0.8952393 0.0000e+00
   58.35920   11.59462    33.2100    10.0902   3.642086      8.000     2.2816  1025.5755     0.0777  0.8868359 0.0000e+00
   58.35920   11.59464    33.3348    10.0967   3.655022      9.000     2.3995  1025.6764     0.0690  0.8916198 0.0000e+00
   58.35920   11.59464    33.4027    10.1229   3.664140     10.000     2.6145  1025.7294     0.0613  0.9157736 0.0000e+00
   58.35920   11.59464    33.5617    10.1473   3.682084     11.000     2.9596  1025.8539     0.0257  0.9264426 0.0000e+00
   58.35920   11.59464    33.7825    10.0853   3.698182     12.000     3.2634  1026.0412     0.0176  0.9403297 0.0000e+00
   58.35922   11.59464    33.8068    10.0664   3.698874     13.000     3.3139  1026.0679     0.0174  0.9415629 0.0000e+00
   58.35922   11.59464    33.8080    10.0511   3.697643     14.000     3.2187  1026.0760     0.0187  0.9311235 0.0000e+00
   58.35922   11.59466    33.8216    10.0118   3.695402     15.000     3.0710  1026.0978     0.0253  0.9282522 0.0000e+00
   58.35922   11.59466    33.8409     9.9957   3.695867     16.000     2.9811  1026.1201     0.0248  0.9443156 0.0000e+00
   58.35922   11.59466    33.8424     9.9979   3.696261     17.000     2.8970  1026.1255     0.0214  0.9217366 0.0000e+00
   58.35922   11.59466    33.9061     9.9916   3.701960     18.000     2.8419  1026.1807     0.0230  0.9392382 0.0000e+00
   58.35922   11.59466    33.9346     9.9747   3.703253     19.000     2.8100  1026.2104     0.0294  0.9520767 0.0000e+00
   58.35922   11.59466    33.9503     9.9768   3.705030     20.000     2.7479  1026.2268     0.0196  0.9593679 0.0000e+00
   58.35924   11.59466    33.9961     9.9791   3.709769     21.000     2.7341  1026.2668     0.0167  0.9517641 0.0000e+00
   58.35924   11.59466    34.0020     9.9754   3.710052     22.000     2.7037  1026.2765     0.0248  0.9377639 0.0000e+00
   58.35924   11.59466    34.0222     9.9823   3.712719     23.000     2.7212  1026.2956     0.0233  0.9313711 0.0000e+00
   58.35924   11.59468    34.0447     9.9883   3.715508     24.000     2.7113  1026.3167     0.0248  0.9419465 0.0000e+00
   58.35924   11.59468    34.0692     9.9715   3.716410     25.000     2.7117  1026.3432     0.0151  0.9310951 0.0000e+00
   58.35924   11.59468    34.1204     9.9061   3.715408     26.000     2.7188  1026.3988     0.0189  0.9595596 0.0000e+00
   58.35924   11.59470    34.1572     9.8715   3.715852     27.000     2.6775  1026.4379     0.0187  0.9722555 0.0000e+00
   58.35924   11.59470    34.1575     9.8715   3.715932     28.000     2.6823  1026.4427     0.0077  0.9511226 0.0000e+00
   58.35924   11.59470    34.1657     9.8677   3.716429     29.000     2.6918  1026.4542     0.0127  0.9840610 0.0000e+00
   58.35924   11.59470    34.1810     9.8524   3.716542     30.000     2.6861  1026.4733     0.0249  0.9810342 0.0000e+00
   58.35924   11.59470    34.1919     9.8399   3.716497     31.000     2.7056  1026.4884     0.0299  0.9812415 0.0000e+00
   58.35926   11.59470    34.1950     9.8381   3.716675     32.000     2.7006  1026.4957     0.0238  0.9934796 0.0000e+00
   58.35926   11.59470    34.1961     9.8397   3.716973     33.000     2.7070  1026.5008     0.0250  0.9916996 0.0000e+00
   58.35926   11.59472    34.2074     9.8390   3.718062     34.000     2.7163  1026.5143     0.0304  0.9822044 0.0000e+00
   58.35926   11.59472    34.2286     9.8240   3.718785     35.000     2.6783  1026.5379     0.0139  0.9702333 0.0000e+00
   58.35926   11.59472    34.2423     9.8277   3.720511     36.000     2.6607  1026.5525     0.0220  0.9826700 0.0000e+00
   58.35926   11.59472    34.2607     9.8015   3.719914     37.000     2.6862  1026.5758     0.0154  0.9688014 0.0000e+00
   58.35928   11.59472    34.2791     9.7909   3.720767     38.000     2.6908  1026.5965     0.0292  1.0453965 0.0000e+00
   58.35928   11.59472    34.2858     9.7872   3.721114     39.000     2.6832  1026.6069     0.0266  1.0313680 0.0000e+00
   58.35926   11.59474    34.2890     9.7659   3.719495     40.000     2.6990  1026.6175     0.0269  1.0242601 0.0000e+00
   58.35926   11.59474    34.3020     9.7532   3.719627     41.000     2.6925  1026.6343     0.0153  1.0198648 0.0000e+00
   58.35928   11.59474    34.3221     9.7672   3.722931     42.000     2.6658  1026.6522     0.0162  1.0199392 0.0000e+00
   58.35928   11.59474    34.3399     9.7448   3.722626     43.000     2.6768  1026.6744     0.0217  1.0197544 0.0000e+00
   58.35928   11.59474    34.3420     9.7301   3.721510     44.000     2.6714  1026.6830     0.0178  1.0105634 0.0000e+00
   58.35928   11.59476    34.3460     9.7218   3.721176     45.000     2.7063  1026.6921     0.0212  1.0163596 0.0000e+00
   58.35928   11.59476    34.3649     9.6841   3.719556     46.000     2.6947  1026.7177     0.0212  0.9947058 0.0000e+00
   58.35928   11.59476    34.3754     9.6756   3.719830     47.000     2.6379  1026.7319     0.0271  0.9439688 0.0000e+00
   58.35928   11.59476    34.3871     9.6614   3.719690     48.000     2.6446  1026.7479     0.0221  0.9797946 0.0000e+00
   58.35928   11.59476    34.3901     9.6552   3.719446     49.000     2.6576  1026.7558     0.0249  0.9785654 0.0000e+00
   58.35928   11.59476    34.3959     9.6476   3.719354     50.000     2.6273  1026.7662     0.0278  0.9826971 0.0000e+00
   58.35928   11.59476    34.4017     9.6401   3.719262     51.000     2.6459  1026.7765     0.0280  0.9822417 0.0000e+00
   58.35930   11.59476    34.4100     9.6253   3.718731     52.000     2.6173  1026.7900     0.0177  1.0294548 0.0000e+00
   58.35928   11.59476    34.4203     9.6065   3.718027     53.000     2.6211  1026.8057     0.0186  1.1155108 0.0000e+00
   58.35930   11.59476    34.4334     9.5817   3.717042     54.000     2.6368  1026.8246     0.0247  1.0119972 0.0000e+00
   58.35930   11.59476    34.4412     9.5673   3.716499     55.000     2.6432  1026.8376     0.0312  1.0264931 0.0000e+00
   58.35930   11.59476    34.4510     9.5459   3.715500     56.000     2.5839  1026.8534     0.0166  1.0581191 0.0000e+00
   58.35930   11.59476    34.4577     9.5235   3.714109     57.000     2.5845  1026.8669     0.0274  1.0415391 0.0000e+00
   58.35930   11.59476    34.4684     9.4285   3.706350     58.000     2.5613  1026.8956     0.0253  1.0393140 0.0000e+00
   58.35930   11.59476    34.4775     9.3745   3.702257     59.000     2.5613  1026.9161     0.0319  1.0903363 0.0000e+00
   58.35930   11.59476    34.4794     9.3132   3.696784     60.000     2.5324  1026.9323     0.0326  1.0501629 0.0000e+00
   58.35930   11.59476    34.4798     9.2374   3.689824     61.000     2.5454  1026.9495     0.0372  1.0634657 0.0000e+00
   58.35930   11.59476    34.4723     9.1038   3.676752     62.000     2.5159  1026.9699     0.0193  1.0548507 0.0000e+00
   58.35930   11.59474    34.4674     8.9363   3.660802     63.000     2.5178  1026.9976     0.0389  1.0284107 0.0000e+00
   58.35930   11.59474    34.4622     8.7877   3.646601     64.000     2.4858  1027.0218     0.0453  1.0343298 0.0000e+00
   58.35930   11.59476    34.4586     8.4686   3.616841     65.000     2.4706  1027.0737     0.0507  0.9823780 0.0000e+00
   58.35932   11.59476    34.4575     8.4050   3.610917     66.000     2.4462  1027.0872     0.0476  0.9693608 0.0000e+00
   58.35932   11.59476    34.4515     8.2176   3.593149     67.000     2.4099  1027.1160     0.0503  1.0018125 0.0000e+00
   58.35932   11.59476    34.4478     8.0804   3.580232     68.000     2.3730  1027.1385     0.0538  0.9597290 0.0000e+00
   58.35932   11.59476    34.4416     7.7169   3.546344     69.000     2.3146  1027.1925     0.0607  0.9370147 0.0000e+00
   58.35932   11.59476    34.4427     7.6085   3.536571     70.000     2.2709  1027.2138     0.0571  0.9310825 0.0000e+00
   58.35932   11.59476    34.4381     7.5082   3.527019     71.000     2.2345  1027.2294     0.0688  0.8987147 0.0000e+00
   58.35932   11.59476    34.4407     7.3811   3.515695     72.000     2.2095  1027.2544     0.0680  0.9122111 0.0000e+00
   58.35932   11.59476    34.4399     7.2966   3.507955     73.000     2.1974  1027.2704     0.0714  0.9028473 0.0000e+00
   58.35932   11.59477    34.4392     7.2378   3.502575     74.000     2.1741  1027.2829     0.0775  0.9406077 0.0000e+00
   58.35932   11.59478    34.4385     7.1310   3.492824     75.000     2.1370  1027.3021     0.0794  0.8993857 0.0000e+00
   58.35932   11.59478    34.4405     7.0345   3.484259     76.000     2.1085  1027.3218     0.0735  0.9601425 0.0000e+00
   58.35932   11.59478    34.4411     6.9848   3.479828     77.000     2.0884  1027.3338     0.0645  0.9027454 0.0000e+00
   58.35932   11.59478    34.4408     6.9416   3.475928     78.000     2.0565  1027.3442     0.0709  0.8962896 0.0000e+00
   58.35932   11.59478    34.4412     6.9107   3.473199     79.000     2.0247  1027.3534     0.0802  0.9546695 0.0000e+00
   58.35932   11.59478    34.4414     6.8945   3.471793     80.000     1.9965  1027.3604     0.0971  0.9409720 0.0000e+00
   58.35932   11.59478    34.4420     6.8720   3.469833     81.000     1.9720  1027.3685     0.0695  0.9420529 0.0000e+00
   58.35932   11.59478    34.4433     6.8443   3.467481     82.000     1.9566  1027.3779     0.0723  0.8937746 0.0000e+00
   58.35932   11.59478    34.4437     6.8293   3.466195     83.000     1.9271  1027.3849     0.0801  0.9045754 0.0000e+00
   58.35932   11.59479    34.4444     6.8132   3.464847     84.000     1.9190  1027.3923     0.0899  0.8933733 0.0000e+00
   58.35932   11.59480    34.3934     6.7947   3.458599     85.000     1.8921  1027.3593     0.0967  0.9716809 0.0000e+00
