Data/unprocessed_data/Skagerak/SK20181211/SK_20181211_06.cnv
* Sea-Bird SBE 9 Data File:
* FileName = C:\Documents and Settings\Boat\Desktop\OC4920_20181211\SK_20181211_06.hex
* Software Version Seasave V 7.20a
* Temperature SN = 2301
* Conductivity SN = 2401
* Number of Bytes Per Scan = 34
* Number of Voltage Words = 5
* Number of Scans Averaged by the Deck Unit = 1
* NMEA Latitude = 58 22.04 N
* NMEA Longitude = 011 34.64 E
* NMEA UTC (Time) = Apr 27 1999  10:56:08
** StationNumber:
** BottomDepth:
# nquan = 11
# nvalues = 1848                        
# units = specified
# name 0 = latitude: Latitude [deg]
# name 1 = longitude: Longitude [deg]
# name 2 = sal00: Salinity, Practical [PSU]
# name 3 = t090C: Temperature [ITS-90, deg C]
# name 4 = c0S/m: Conductivity [S/m]
# name 5 = prDM: Pressure, Digiquartz [db]
# name 6 = sbeox0V: Oxygen raw, SBE 43 [V]
# name 7 = density00: Density [density, kg/m^3]
# name 8 = flECO-AFL: Fluorescence, WET Labs ECO-AFL/FL [mg/m^3]
# name 9 = timeS: Time, Elapsed [seconds]
# name 10 = flag: flag
# span 0 =   58.36694,   58.36746       
# span 1 =   11.57710,   11.57794       
# span 2 =    29.1600,    30.8253       
# span 3 =     8.5471,     9.4719       
# span 4 =   3.115321,   3.353321       
# span 5 =      4.954,      5.030       
# span 6 =     1.9966,     2.1983       
# span 7 =  1022.6375,  1023.8011       
# span 8 =     0.1723,     1.4854       
# span 9 =      0.479,   1847.042       
# span 10 = 0.0000e+00, 0.0000e+00      
# interval = seconds: 1                 
# start_time = Dec 11 2018 11:56:09 [System UpLoad Time]
# bad_flag = -9.990e-29
*END*
[from data line 1574]
   58.36702   11.57712    30.1749     9.1688   3.264329      4.979     2.0152  1023.3398     0.3062   1574.479 0.0000e+00
   58.36702   11.57712    30.1618     9.1621   3.262490      4.984     2.0152  1023.3306     0.2955   1575.479 0.0000e+00
   58.36702   11.57712    30.1509     9.1568   3.260997      4.983     2.0147  1023.3229     0.2894   1576.479 0.0000e+00
   58.36702   11.57712    30.1586     9.1605   3.262052      4.987     2.0194  1023.3283     0.2924   1577.479 0.0000e+00
   58.36700   11.57712    30.1504     9.1545   3.260754      4.990     2.0183  1023.3229     0.2945   1578.479 0.0000e+00
   58.36700   11.57712    30.1373     9.1485   3.258975      4.987     2.0176  1023.3135     0.2873   1579.479 0.0000e+00
   58.36702   11.57712    30.1185     9.1361   3.256118      4.982     2.0138  1023.3007     0.2807   1580.479 0.0000e+00
   58.36702   11.57712    30.1001     9.1266   3.253537      4.982     2.0120  1023.2877     0.2995   1581.479 0.0000e+00
   58.36702   11.57710    30.0865     9.1202   3.251685      4.977     2.0142  1023.2780     0.3580   1582.479 0.0000e+00
   58.36702   11.57710    30.0807     9.1178   3.250924      4.981     2.0205  1023.2739     0.3499   1583.479 0.0000e+00
   58.36702   11.57710    30.0693     9.1140   3.249502      4.986     2.0201  1023.2656     0.3168   1584.479 0.0000e+00
   58.36702   11.57710    30.0561     9.1083   3.247739      4.984     2.0195  1023.2562     0.3331   1585.479 0.0000e+00
   58.36702   11.57710    30.0506     9.1046   3.246898      4.989     2.0178  1023.2524     0.2771   1586.479 0.0000e+00
   58.36702   11.57710    30.0437     9.1028   3.246066      4.984     2.0170  1023.2472     0.3636   1587.479 0.0000e+00
   58.36702   11.57712    30.0422     9.0999   3.245688      4.983     2.0170  1023.2465     0.3794   1588.479 0.0000e+00
   58.36702   11.57712    30.0429     9.0992   3.245699      4.981     2.0173  1023.2471     0.2766   1589.479 0.0000e+00
   58.36702   11.57710    30.0345     9.0971   3.244706      4.979     2.0193  1023.2409     0.2782   1590.479 0.0000e+00
   58.36702   11.57710    30.0128     9.0942   3.242353      4.983     2.0183  1023.2245     0.2751   1591.479 0.0000e+00
   58.36702   11.57710    30.0015     9.0900   3.240908      4.985     2.0148  1023.2163     0.2492   1592.479 0.0000e+00
   58.36702   11.57710    29.9941     9.0837   3.239658      4.986     2.0109  1023.2114     0.2649   1593.479 0.0000e+00
   58.36702   11.57710    29.9891     9.0892   3.239631      4.985     2.0077  1023.2067     0.3011   1594.479 0.0000e+00
   58.36702   11.57710    29.9931     9.0850   3.239680      4.986     2.0110  1023.2105     0.3306   1595.479 0.0000e+00
   58.36702   11.57710    29.9837     9.0762   3.238037      4.983     2.0136  1023.2044     0.3707   1596.479 0.0000e+00
   58.36702   11.57710    29.9817     9.0774   3.237942      4.980     2.0146  1023.2027     0.4466   1597.479 0.0000e+00
   58.36702   11.57710    29.9763     9.0747   3.237187      4.980     2.0162  1023.1988     0.3016   1598.479 0.0000e+00
   58.36702   11.57710    29.9654     9.0739   3.236060      4.984     2.0179  1023.1904     0.3306   1599.479 0.0000e+00
   58.36702   11.57710    29.9639     9.0674   3.235374      4.986     2.0138  1023.1902     0.2751   1600.479 0.0000e+00
   58.36702   11.57710    29.9573     9.0645   3.234492      4.987     2.0156  1023.1855     0.3021   1601.479 0.0000e+00
   58.36702   11.57710    29.9592     9.0616   3.234449      4.987     2.0144  1023.1875     0.3301   1602.479 0.0000e+00
   58.36702   11.57710    29.9558     9.0685   3.234674      4.987     2.0122  1023.1837     0.3326   1603.479 0.0000e+00
   58.36702   11.57710    29.9562     9.0578   3.233850      4.982     2.0093  1023.1857     0.3581   1604.479 0.0000e+00
   58.36702   11.57710    29.9598     9.0558   3.234032      4.982     2.0071  1023.1888     0.3992   1605.479 0.0000e+00
   58.36702   11.57710    29.9466     9.0529   3.232509      4.985     2.0070  1023.1789     0.3276   1606.479 0.0000e+00
   58.36702   11.57710    29.9476     9.0524   3.232557      4.984     2.0053  1023.1797     0.3474   1607.479 0.0000e+00
   58.36702   11.57710    29.9401     9.0449   3.231215      4.987     2.0061  1023.1750     0.4456   1608.479 0.0000e+00
   58.36702   11.57710    29.9304     9.0469   3.230432      4.989     2.0114  1023.1672     0.2858   1609.479 0.0000e+00
   58.36702   11.57710    29.9309     9.0471   3.230498      4.984     2.0098  1023.1675     0.2517   1610.479 0.0000e+00
   58.36702   11.57710    29.9289     9.0434   3.230004      4.984     2.0105  1023.1665     0.2904   1611.479 0.0000e+00
   58.36702   11.57710    29.9240     9.0367   3.228976      4.979     2.0116  1023.1636     0.2715   1612.479 0.0000e+00
   58.36702   11.57710    29.9188     9.0371   3.228495      4.984     2.0107  1023.1595     0.2883   1613.479 0.0000e+00
   58.36702   11.57710    29.9220     9.0351   3.228648      4.985     2.0095  1023.1624     0.2522   1614.479 0.0000e+00
   58.36702   11.57710    29.9241     9.0367   3.228982      4.989     2.0156  1023.1638     0.3286   1615.479 0.0000e+00
   58.36702   11.57710    29.9217     9.0380   3.228857      4.985     2.0125  1023.1617     0.3163   1616.479 0.0000e+00
   58.36702   11.57710    29.9284     9.0373   3.229455      4.987     2.0198  1023.1670     0.4451   1617.479 0.0000e+00
   58.36702   11.57710    29.9272     9.0374   3.229337      4.983     2.0182  1023.1660     0.2944   1618.479 0.0000e+00
   58.36702   11.57710    29.9247     9.0347   3.228881      4.981     2.0153  1023.1645     0.3215   1619.479 0.0000e+00
   58.36702   11.57710    29.9230     9.0367   3.228880      4.982     2.0175  1023.1629     0.4140   1620.479 0.0000e+00
   58.36702   11.57710    29.9203     9.0381   3.228727      4.982     2.0133  1023.1606     0.3169   1621.479 0.0000e+00
   58.36702   11.57710    29.9236     9.0332   3.228655      4.981     2.0110  1023.1639     0.2700   1622.479 0.0000e+00
   58.36702   11.57710    29.9195     9.0342   3.228334      4.986     2.0088  1023.1606     0.3682   1623.479 0.0000e+00
   58.36702   11.57710    29.9190     9.0326   3.228151      4.985     2.0140  1023.1604     0.5010   1624.479 0.0000e+00
   58.36702   11.57710    29.9204     9.0319   3.228235      4.986     2.0125  1023.1616     0.4180   1625.479 0.0000e+00
   58.36702   11.57710    29.9231     9.0302   3.228349      4.983     2.0182  1023.1639     0.2970   1626.479 0.0000e+00
   58.36702   11.57710    29.9269     9.0314   3.228820      4.980     2.0166  1023.1667     0.4109   1627.479 0.0000e+00
   58.36702   11.57710    29.9242     9.0385   3.229146      4.980     2.0115  1023.1636     0.7254   1628.479 0.0000e+00
   58.36702   11.57710    29.9242     9.0467   3.229818      4.985     2.0109  1023.1623     0.2990   1629.479 0.0000e+00
   58.36700   11.57710    29.9229     9.0405   3.229179      4.987     2.0206  1023.1623     0.3250   1630.479 0.0000e+00
   58.36700   11.57710    29.9175     9.0383   3.228473      4.989     2.0203  1023.1583     0.3194   1631.479 0.0000e+00
   58.36700   11.57710    29.9045     9.0442   3.227695      4.992     2.0154  1023.1474     0.5733   1632.479 0.0000e+00
   58.36700   11.57710    29.9156     9.0425   3.228636      4.988     2.0220  1023.1563     0.3499   1633.479 0.0000e+00
   58.36700   11.57710    29.9166     9.0466   3.229064      4.984     2.0220  1023.1564     0.3398   1634.479 0.0000e+00
   58.36700   11.57710    29.9291     9.0489   3.230471      4.981     2.0202  1023.1658     0.2899   1635.479 0.0000e+00
   58.36700   11.57710    29.9359     9.0544   3.231580      4.981     2.0152  1023.1703     0.2705   1636.479 0.0000e+00
   58.36700   11.57710    29.9243     9.0533   3.230362      4.983     2.0152  1023.1614     0.3509   1637.479 0.0000e+00
   58.36700   11.57710    29.9139     9.0408   3.228324      4.984     2.0113  1023.1552     0.4074   1638.479 0.0000e+00
   58.36700   11.57710    29.9183     9.0414   3.228803      4.988     2.0110  1023.1585     0.3657   1639.479 0.0000e+00
   58.36700   11.57710    29.9195     9.0452   3.229232      4.985     2.0101  1023.1589     0.3453   1640.479 0.0000e+00
   58.36700   11.57710    29.9129     9.0428   3.228394      4.983     2.0130  1023.1541     0.3138   1641.479 0.0000e+00
   58.36700   11.57710    29.9072     9.0379   3.227433      4.978     2.0121  1023.1503     0.3728   1642.479 0.0000e+00
   58.36700   11.57710    29.8979     9.0316   3.226014      4.977     2.0093  1023.1440     0.3153   1643.479 0.0000e+00
   58.36700   11.57710    29.8868     9.0252   3.224406      4.977     2.0105  1023.1363     0.2654   1644.479 0.0000e+00
   58.36700   11.57710    29.8792     9.0218   3.223388      4.980     2.0150  1023.1309     0.3021   1645.479 0.0000e+00
   58.36700   11.57710    29.8762     9.0242   3.223290      4.979     2.0180  1023.1282     0.3728   1646.479 0.0000e+00
   58.36700   11.57710    29.8777     9.0220   3.223258      4.981     2.0217  1023.1297     0.3819   1647.479 0.0000e+00
   58.36700   11.57710    29.8795     9.0242   3.223619      4.981     2.0201  1023.1307     0.3270   1648.479 0.0000e+00
   58.36700   11.57710    29.8914     9.0303   3.225271      4.976     2.0173  1023.1391     0.2970   1649.479 0.0000e+00
   58.36700   11.57710    29.8941     9.0317   3.225646      4.973     2.0208  1023.1410     0.3697   1650.479 0.0000e+00
   58.36700   11.57710    29.8797     9.0415   3.225048      4.968     2.0167  1023.1282     0.3621   1651.479 0.0000e+00
   58.36700   11.57710    29.8857     9.0252   3.224296      4.967     2.0200  1023.1353     0.2934   1652.479 0.0000e+00
   58.36700   11.57710    29.8849     9.0291   3.224537      4.972     2.0232  1023.1342     0.2690   1653.479 0.0000e+00
   58.36700   11.57710    29.8851     9.0228   3.224047      4.974     2.0228  1023.1353     0.2456   1654.479 0.0000e+00
   58.36700   11.57710    29.8846     9.0312   3.224690      4.976     2.0170  1023.1337     0.2940   1655.479 0.0000e+00
   58.36700   11.57710    29.8912     9.0313   3.225331      4.975     2.0127  1023.1388     0.3077   1656.479 0.0000e+00
   58.36700   11.57710    29.8970     9.0327   3.226013      4.973     2.0097  1023.1431     0.3158   1657.479 0.0000e+00
   58.36700   11.57710    29.9099     9.0379   3.227698      4.973     2.0063  1023.1524     0.3382   1658.479 0.0000e+00
   58.36700   11.57710    29.9193     9.0410   3.228873      4.973     2.0027  1023.1593     0.3204   1659.479 0.0000e+00
   58.36700   11.57710    29.9200     9.0379   3.228684      4.970     2.0036  1023.1603     0.2914   1660.479 0.0000e+00
   58.36700   11.57710    29.9150     9.0564   3.229709      4.972     2.0084  1023.1536     0.2599   1661.479 0.0000e+00
   58.36700   11.57710    29.9331     9.0594   3.231722      4.974     2.0087  1023.1673     0.3463   1662.479 0.0000e+00
   58.36700   11.57710    29.9396     9.0605   3.232444      4.976     2.0104  1023.1723     0.3952   1663.479 0.0000e+00
   58.36700   11.57710    29.9473     9.0612   3.233256      4.971     2.0099  1023.1782     0.3413   1664.479 0.0000e+00
   58.36700   11.57710    29.9516     9.0513   3.232865      4.969     2.0108  1023.1830     0.3494   1665.479 0.0000e+00
   58.36700   11.57710    29.9394     9.0602   3.232406      4.964     2.0083  1023.1721     0.3240   1666.479 0.0000e+00
   58.36700   11.57710    29.9343     9.0475   3.230862      4.966     2.0060  1023.1700     0.2924   1667.479 0.0000e+00
   58.36700   11.57710    29.9296     9.0414   3.229903      4.968     2.0104  1023.1673     0.3357   1668.479 0.0000e+00
   58.36700   11.57710    29.9458     9.0713   3.233937      4.975     2.0103  1023.1755     0.3718   1669.479 0.0000e+00
   58.36700   11.57710    29.9624     9.0730   3.235695      4.976     2.0096  1023.1882     0.3855   1670.479 0.0000e+00
   58.36700   11.57710    29.9632     9.0913   3.237272      4.975     2.0074  1023.1861     0.3468   1671.479 0.0000e+00
   58.36700   11.57710    29.9672     9.0794   3.236686      4.975     2.0053  1023.1910     0.3489   1672.479 0.0000e+00
   58.36700   11.57710    29.9577     9.0782   3.235662      4.970     2.0075  1023.1837     0.3728   1673.479 0.0000e+00
   58.36700   11.57710    29.9582     9.0763   3.235551      4.970     2.0109  1023.1844     0.3403   1674.479 0.0000e+00
   58.36700   11.57710    29.9621     9.0660   3.235090      4.972     2.0090  1023.1890     0.3647   1675.479 0.0000e+00
   58.36700   11.57710    29.9604     9.0605   3.234472      4.976     2.0046  1023.1885     0.3555   1676.479 0.0000e+00
   58.36700   11.57710    29.9585     9.0617   3.234385      4.982     2.0028  1023.1869     0.3321   1677.479 0.0000e+00
   58.36700   11.57710    29.9563     9.0607   3.234090      4.982     2.0023  1023.1853     0.3321   1678.479 0.0000e+00
   58.36700   11.57710    29.9536     9.0619   3.233929      4.982     2.0049  1023.1830     0.3199   1679.479 0.0000e+00
   58.36698   11.57710    29.9620     9.0608   3.234649      4.977     2.0066  1023.1897     0.3499   1680.479 0.0000e+00
   58.36698   11.57710    29.9650     9.0619   3.235033      4.972     2.0039  1023.1919     0.2980   1681.479 0.0000e+00
   58.36698   11.57710    29.9615     9.0658   3.235014      4.971     2.0051  1023.1885     0.2568   1682.479 0.0000e+00
   58.36698   11.57710    29.9632     9.0617   3.234840      4.974     2.0089  1023.1905     0.2792   1683.479 0.0000e+00
   58.36698   11.57710    29.9669     9.0662   3.235575      4.977     2.0096  1023.1927     0.3443   1684.479 0.0000e+00
   58.36698   11.57710    29.9649     9.0651   3.235287      4.980     2.0059  1023.1913     0.3580   1685.479 0.0000e+00
   58.36698   11.57710    29.9650     9.0653   3.235313      4.981     2.0021  1023.1914     0.3087   1686.479 0.0000e+00
   58.36698   11.57710    29.9623     9.0732   3.235707      4.981     2.0033  1023.1881     0.3077   1687.479 0.0000e+00
   58.36698   11.57710    29.9588     9.0686   3.234981      4.978     2.0030  1023.1861     0.2812   1688.479 0.0000e+00
   58.36698   11.57710    29.9657     9.0730   3.236013      4.976     2.0029  1023.1908     0.3010   1689.479 0.0000e+00
   58.36698   11.57710    29.9642     9.0601   3.234813      4.974     2.0068  1023.1915     0.3586   1690.479 0.0000e+00
   58.36698   11.57710    29.9449     9.0444   3.231641      4.979     2.0092  1023.1788     0.3250   1691.479 0.0000e+00
   58.36698   11.57710    29.9330     9.0464   3.230651      4.979     2.0095  1023.1692     0.3056   1692.479 0.0000e+00
   58.36698   11.57710    29.9529     9.0623   3.233884      4.986     2.0115  1023.1824     0.3031   1693.479 0.0000e+00
   58.36698   11.57710    29.9507     9.0594   3.233440      4.986     2.0104  1023.1811     0.3051   1694.479 0.0000e+00
   58.36698   11.57710    29.9512     9.0536   3.233015      4.981     2.0106  1023.1824     0.3504   1695.479 0.0000e+00
   58.36698   11.57710    29.9620     9.0494   3.233712      4.981     2.0105  1023.1914     0.3265   1696.479 0.0000e+00
   58.36698   11.57710    29.9446     9.0476   3.231880      4.977     2.0078  1023.1781     0.3036   1697.479 0.0000e+00
   58.36698   11.57710    29.9511     9.0537   3.233005      4.974     2.0065  1023.1822     0.2965   1698.479 0.0000e+00
   58.36698   11.57710    29.9478     9.0538   3.232693      4.974     2.0064  1023.1796     0.3179   1699.479 0.0000e+00
   58.36698   11.57710    29.9474     9.0466   3.232065      4.973     2.0084  1023.1804     0.3138   1700.479 0.0000e+00
   58.36698   11.57710    29.9340     9.0432   3.230482      4.976     2.0094  1023.1705     0.2899   1701.479 0.0000e+00
   58.36696   11.57710    29.9267     9.0456   3.229972      4.977     2.0055  1023.1644     0.3631   1702.479 0.0000e+00
   58.36696   11.57710    29.9327     9.0275   3.229064      4.976     2.0062  1023.1718     0.3301   1703.479 0.0000e+00
